0.000000000000000000e+00,8.584825809979134137e-01,5.096395545912622005e-01,-2.529760585984761750e-02,6.101929084026118388e-02,1.059740539539793386e-01,1.133856409312956198e-01,-9.178240335174418438e-03,6.148179314515967997e-01,1.728345166367150909e-01,2.548348571320521727e-01,2.196339485370582267e-01,-1.735439336304610974e-02,5.068237993805162489e-01,-7.642156776625481929e-02,-9.154024151346369653e-02,5.038445795066838484e-02,8.806971177122487060e-03,1.329298529955099673e-01,6.633609228874173258e-01,5.266358440352577608e-01,7.249624032800593421e-01,1.580374671800736375e-01,5.914714295662609755e-02,2.787725394841903959e-01,7.527772777904983004e-01,6.822800871405942935e-01,2.126529293600561421e-01,2.255665244791656976e-01,5.203042478208391025e-02,4.771038216307187940e-01,5.508268255193424778e-01,6.705584888891193973e-01,2.464144595532918591e-01,1.019467790055423179e-01,6.464416174088636335e-01,3.075124386985482183e-01,4.519929168218658200e-01,2.958370015474237058e-01,8.584825809979134137e-01,0.000000000000000000e+00,5.456604384652042894e-01,8.043344092173873583e-02,2.044998941888903077e-01,2.287885167446251922e-01,2.479294598813562012e-01,-8.740865693442491369e-02,7.616286574143924515e-01,3.320078847300365066e-01,3.460414524273920933e-01,3.658682390303639176e-01,2.652134911954973640e-01,4.674645241152889930e-01,1.223129234355651157e-01,4.961491609711884965e-02,1.091557752646787477e-01,4.952393242016487479e-02,2.721243648804220761e-01,6.629263199413276686e-01,4.041569454430001263e-01,7.330078583481288712e-01,2.954441917295475700e-02,9.129104340229371450e-02,2.564623565842867325e-01,6.256753348629935374e-01,6.252171044938514832e-01,3.716505050460043313e-01,3.414886117806122945e-01,1.654036273339362928e-01,5.093865381291948768e-01,5.779359030480196724e-01,6.696745265932699809e-01,2.095500368933938262e-01,-2.720541224208654612e-03,5.923085867925422798e-01,2.640837508739886097e-01,4.447793767119416208e-01,5.019432472445203297e-01,5.096395545912622005e-01,5.456604384652042894e-01,0.000000000000000000e+00,1.614572427581060232e-01,3.194678247414847738e-01,3.385227842713270374e-01,4.247098975052757686e-01,-1.701882933860151548e-01,5.718011704846021059e-01,5.935919696726095207e-01,6.073288923701232189e-01,6.658080179496267403e-01,4.932706304355575777e-01,4.571862746557343593e-01,3.629132498001043650e-01,3.581397943561756558e-01,4.580845371120916831e-01,2.981047218771261664e-01,3.099538015868613106e-01,7.463717654806506507e-01,3.728640208517621235e-01,8.044280885637905554e-01,2.905080792055520500e-01,3.934738726832551214e-01,4.713555998999560681e-01,4.198288461834063789e-01,3.820086700109129318e-01,4.823197893651943735e-01,5.101265299709351053e-01,3.397725390298829695e-01,4.886754523474298173e-01,6.591167353654837635e-01,6.559825106720386101e-01,4.713468369276008207e-01,1.749895288150638828e-01,4.827278866686011694e-01,2.872879874290195090e-01,4.892119272274638164e-01,3.527885608874078982e-01,-2.529760585984761750e-02,8.043344092173873583e-02,1.614572427581060232e-01,0.000000000000000000e+00,4.337931534654011489e-01,3.862001119681061634e-01,4.992825987185904868e-01,-9.360939713357073477e-02,2.302177903613395749e-01,2.552319696137919092e-01,1.484669585308355175e-02,2.120088324339063912e-01,5.053789868912110794e-01,-1.462343286746388693e-01,5.077716884156787680e-01,4.655996814395135797e-01,2.244136746358200152e-01,1.901813567626797208e-01,-1.314893660587694024e-01,1.269941668303080640e-01,-6.819265538929339225e-04,1.850994203946481620e-01,-1.688180625709729821e-01,-2.115914130208899208e-03,-9.435558584967468354e-02,-1.366753273482180231e-01,-3.129483868747050170e-03,4.165799370622781383e-01,1.251600998532435283e-01,3.192392782589319467e-01,3.925574025757951752e-02,-8.715610945378424179e-02,1.420767422383899525e-01,1.885099381767334770e-01,-2.070902816958520021e-01,-1.322724074120496529e-01,-3.706566743697121136e-01,-1.152183002157218528e-01,1.117703159488037945e-01,6.101929084026118388e-02,2.044998941888903077e-01,3.194678247414847738e-01,4.337931534654011489e-01,0.000000000000000000e+00,3.904838119961241971e-01,5.127978009393979741e-01,-1.637500364524226981e-01,3.413655797958272675e-01,4.242512852810000901e-01,2.209649920783954280e-01,4.502043091555494314e-01,5.637777611264119804e-01,8.342824393892077361e-02,5.942668712562818589e-01,5.335195357219211232e-01,2.967042704272520592e-01,3.033980479404232988e-01,8.639846624722803681e-02,3.136922789877548134e-01,-7.612139169928727528e-04,3.778171990106790057e-01,-4.357073292959151578e-02,1.064489209803663600e-01,7.153773258246852451e-02,-4.850917567312305889e-02,5.404276860656501147e-02,5.040030220317008869e-01,3.492179749296890345e-01,3.091134768217222994e-01,1.492309367345986959e-01,1.649586587519864811e-01,2.476309569056349968e-01,2.838340188411330178e-01,-1.697666695134880110e-01,3.756723189997842466e-02,-1.739688357965793464e-01,2.052324516760454208e-03,1.625162953578933589e-01,1.059740539539793386e-01,2.287885167446251922e-01,3.385227842713270374e-01,3.862001119681061634e-01,3.904838119961241971e-01,0.000000000000000000e+00,3.719094897133427002e-01,2.951350717530423426e-02,4.186391424244678694e-01,3.619671557638085568e-01,1.551918051643144114e-01,3.011205100964799986e-01,5.496951468364390525e-01,2.257598117703959184e-01,4.211232587520649662e-01,4.342468292853661205e-01,2.633496176691420554e-01,2.499260388695945245e-01,5.420525263975022046e-02,3.642343811952673538e-01,1.867844077349926635e-01,4.580838732609969211e-01,5.521155013876417189e-02,2.167189881916958272e-01,1.578837088508500408e-01,1.283490330366698073e-01,1.733571315620592024e-01,5.637232258334784474e-01,3.693309785613246854e-01,4.817824372707623648e-01,3.611862060383302930e-01,2.121907966825750391e-01,3.088187029017223084e-01,3.130222081927395150e-01,-2.843591049034748311e-02,1.189769985183781742e-01,-9.940875158549788981e-02,1.999996797933733250e-01,2.794216033619374984e-01,1.133856409312956198e-01,2.479294598813562012e-01,4.247098975052757686e-01,4.992825987185904868e-01,5.127978009393979741e-01,3.719094897133427002e-01,0.000000000000000000e+00,-2.207048365095720388e-01,3.591725262844708833e-01,5.887816590955219365e-01,3.717380755810152371e-01,6.294053307001392650e-01,7.546672299381653737e-01,5.409843019861189199e-03,7.272693635723914696e-01,6.453464145803365914e-01,4.621029081361803237e-01,3.502068383234051008e-01,1.648397978553554077e-01,3.669908276501304134e-01,3.176876946434223879e-03,3.946218609251583298e-01,-5.003341115564179792e-02,1.184646964050096452e-01,1.011050608329089745e-01,-1.042584808917599998e-01,8.124506001991349882e-03,4.345955952397782540e-01,3.734699666544128438e-01,3.567732964074737390e-01,1.572668224287780345e-02,2.615246178303721747e-01,3.037091432517039502e-01,2.472272663769811973e-01,-8.816083338901951894e-02,2.919037168338789803e-02,-1.285378537366139162e-01,8.257488990423309666e-03,1.340044323516276781e-01,-9.178240335174418438e-03,-8.740865693442491369e-02,-1.701882933860151548e-01,-9.360939713357073477e-02,-1.637500364524226981e-01,2.951350717530423426e-02,-2.207048365095720388e-01,0.000000000000000000e+00,-2.160180959811934878e-02,-1.799197147264653407e-01,-1.542689960730874721e-01,-1.736189737673030087e-01,-1.839728121521069237e-01,7.871585238117689842e-02,-1.855194597620705432e-01,-1.461401594255284375e-01,-1.116465088436564279e-01,-1.188466535423170073e-01,-2.762165798792628468e-01,-1.957474594298651005e-01,3.289370096366532326e-01,-1.293317550596668197e-01,6.001279295137962235e-04,-1.242820060840012231e-01,-2.682407359286817852e-02,2.001357645963291187e-01,1.357258148906583528e-01,-3.534145294329923970e-02,1.675442963022108142e-02,3.206339199671355555e-02,1.189889772549642122e-01,1.180553846896796877e-01,2.136240248386491597e-02,-1.689043624940734234e-01,-6.972324460781337274e-02,-1.586696620999154261e-01,-2.372519505464647585e-02,-1.883699074783938901e-02,-6.978753160497003227e-02,6.148179314515967997e-01,7.616286574143924515e-01,5.718011704846021059e-01,2.302177903613395749e-01,3.413655797958272675e-01,4.186391424244678694e-01,3.591725262844708833e-01,-2.160180959811934878e-02,0.000000000000000000e+00,3.624121702465409323e-01,3.376807090873703010e-01,3.873139013519604212e-01,4.956543723020758740e-01,3.802253480193073520e-01,3.179057142320361740e-01,1.892012465241239283e-01,1.784177787291881256e-01,2.008776368670417978e-01,2.281796401562962706e-01,6.007939611515794587e-01,4.018710565014907421e-01,7.417433856477531062e-01,-4.759669013696961326e-02,1.177970499117142328e-01,2.004259433698125092e-01,5.122784473036016140e-01,5.426858202039573920e-01,5.892751405475996629e-01,4.803115373684430645e-01,3.160345775516057998e-01,5.786450604022018718e-01,5.229632107242921935e-01,6.624227517498012530e-01,3.172614997897291733e-01,-6.242089978129734817e-02,4.775608525686578787e-01,1.393629025790846798e-01,5.961325413843986398e-01,7.205737120877694357e-01,1.728345166367150909e-01,3.320078847300365066e-01,5.935919696726095207e-01,2.552319696137919092e-01,4.242512852810000901e-01,3.619671557638085568e-01,5.887816590955219365e-01,-1.799197147264653407e-01,3.624121702465409323e-01,0.000000000000000000e+00,7.123632318056157819e-01,8.853025198895122516e-01,8.093447690323669619e-01,3.783512616294290032e-01,6.926212783202104761e-01,6.838149979735388406e-01,6.322206744126978029e-01,3.869374749209750775e-01,4.432478263962805198e-01,6.135435974195942999e-01,1.927639593887503222e-01,6.579102908494766089e-01,2.795756899119362648e-01,4.657615496782586129e-01,5.027789568044309654e-01,3.603335374717142603e-02,2.685027915688776787e-02,4.764921787725620583e-01,5.373462739655554543e-01,5.331458511166109471e-01,2.141506714986574078e-01,6.086095545774831139e-01,4.771250655379111749e-01,4.132583275337821660e-01,1.201759979724764948e-01,2.200811475014729790e-01,2.040396641017450940e-01,2.728188395800965060e-01,2.744871958789098509e-01,2.548348571320521727e-01,3.460414524273920933e-01,6.073288923701232189e-01,1.484669585308355175e-02,2.209649920783954280e-01,1.551918051643144114e-01,3.717380755810152371e-01,-1.542689960730874721e-01,3.376807090873703010e-01,7.123632318056157819e-01,0.000000000000000000e+00,7.665375968162677633e-01,5.461469754079067984e-01,3.646483769295425503e-01,3.699117733252479390e-01,3.982175567743445055e-01,5.866810931465068490e-01,2.742444320123117452e-01,4.163048921307867523e-01,6.093904666575676865e-01,2.282863161428445586e-01,6.305841627559131135e-01,3.609997422517299825e-01,4.820366703992861601e-01,5.661794366040968640e-01,2.012603053844915224e-01,1.449025950723796807e-01,3.053424539323271736e-01,5.100403137851025059e-01,3.082517690933466170e-01,2.912436257855278154e-01,7.464983339646774629e-01,5.304233478074774633e-01,3.625550825676054356e-01,2.484082558159528276e-01,3.223108606307530377e-01,4.366060775467313082e-01,4.453287967931233715e-01,3.124236018158422779e-01,2.196339485370582267e-01,3.658682390303639176e-01,6.658080179496267403e-01,2.120088324339063912e-01,4.502043091555494314e-01,3.011205100964799986e-01,6.294053307001392650e-01,-1.736189737673030087e-01,3.873139013519604212e-01,8.853025198895122516e-01,7.665375968162677633e-01,0.000000000000000000e+00,7.397228209745654315e-01,3.863916525056054763e-01,8.584403439312716655e-01,7.232378095328472201e-01,7.290759302767942929e-01,5.190704493066402581e-01,5.688330703690932522e-01,5.407458380052008184e-01,1.937606808291925942e-01,5.898032798876619021e-01,1.365973417092432307e-01,4.361665715625234196e-01,4.186049392476284825e-01,-4.045052009669555457e-03,4.039762450627611134e-02,3.554985857574985419e-01,6.168660682192610434e-01,3.653438285492895399e-01,3.573809429194181597e-02,7.586798995241418320e-01,5.074549871023000813e-01,2.756297919993802026e-01,2.272310995992855853e-02,1.609940580497692397e-01,3.296931614634320828e-01,2.402030931109972178e-01,1.937977947540530932e-01,-1.735439336304610974e-02,2.652134911954973640e-01,4.932706304355575777e-01,5.053789868912110794e-01,5.637777611264119804e-01,5.496951468364390525e-01,7.546672299381653737e-01,-1.839728121521069237e-01,4.956543723020758740e-01,8.093447690323669619e-01,5.461469754079067984e-01,7.397228209745654315e-01,0.000000000000000000e+00,1.470977367660534774e-01,8.616970888129512618e-01,7.929004668414469936e-01,6.292002275572161629e-01,3.868769521224984520e-01,2.717038816844969396e-01,5.462081399272092908e-01,1.511730708711989390e-01,6.031014996242545223e-01,9.409381982097236863e-02,3.356861196636053979e-01,3.059887215716202702e-01,-1.550395345717351381e-01,-5.691749113606889288e-02,7.666614065085094465e-01,5.160315149714930216e-01,7.098580799664696572e-01,2.815605553676960304e-01,3.421538392187081778e-01,3.209560667712282322e-01,4.148489210852502329e-01,-1.364368478680814956e-02,4.481143997736425355e-02,-1.409049152117568815e-01,3.152920377526765017e-01,4.931490651314591744e-01,5.068237993805162489e-01,4.674645241152889930e-01,4.571862746557343593e-01,-1.462343286746388693e-01,8.342824393892077361e-02,2.257598117703959184e-01,5.409843019861189199e-03,7.871585238117689842e-02,3.802253480193073520e-01,3.783512616294290032e-01,3.646483769295425503e-01,3.863916525056054763e-01,1.470977367660534774e-01,0.000000000000000000e+00,4.585687447339049233e-02,1.034736558228891712e-01,7.026719107358776750e-02,5.390219683177597393e-02,2.076395604717220789e-01,5.469722039398096092e-01,4.822193127893551479e-01,6.263599464231107694e-01,3.850962450521150937e-01,4.603470065300246383e-01,5.607832210824148511e-01,5.555901947687551523e-01,3.904260129340263452e-01,3.099480937610283315e-01,3.086861855042123404e-01,3.632009379445841901e-01,4.776399168311781795e-01,5.779723091876619590e-01,4.583276341826044153e-01,3.249889743268152276e-01,1.443128500810080816e-01,4.951909345271120477e-01,4.653097428466563268e-01,4.686129842347304120e-01,1.649967946926433615e-01,-7.642156776625481929e-02,1.223129234355651157e-01,3.629132498001043650e-01,5.077716884156787680e-01,5.942668712562818589e-01,4.211232587520649662e-01,7.272693635723914696e-01,-1.855194597620705432e-01,3.179057142320361740e-01,6.926212783202104761e-01,3.699117733252479390e-01,8.584403439312716655e-01,8.616970888129512618e-01,4.585687447339049233e-02,0.000000000000000000e+00,9.409166095093292048e-01,6.515707371452643670e-01,5.788035583314082855e-01,3.575793123492742032e-01,2.424137622787859436e-01,1.152722454914717129e-02,3.613841662141791811e-01,-8.494356283674055208e-02,1.366195044798002300e-01,7.115545719217918064e-02,-3.363918341522547650e-01,-1.835861884305466651e-01,4.667577100228240128e-01,4.390620014295463780e-01,4.404177004403383999e-01,-2.246150543701732616e-01,2.222938063826107036e-01,2.408959807873746195e-01,2.409496796321983769e-01,-1.932266113455162471e-01,-1.094999374432045064e-01,-1.910005409599812853e-01,-9.269231653178033881e-02,1.277578582578509925e-01,-9.154024151346369653e-02,4.961491609711884965e-02,3.581397943561756558e-01,4.655996814395135797e-01,5.335195357219211232e-01,4.342468292853661205e-01,6.453464145803365914e-01,-1.461401594255284375e-01,1.892012465241239283e-01,6.838149979735388406e-01,3.982175567743445055e-01,7.232378095328472201e-01,7.929004668414469936e-01,1.034736558228891712e-01,9.409166095093292048e-01,0.000000000000000000e+00,6.371329469670679035e-01,5.270582727723046590e-01,2.771036250633875930e-01,3.453071571805679252e-01,2.995279090940135280e-02,4.290423634763210758e-01,1.211870261972965712e-01,2.218757908903118692e-01,2.070829780899957895e-01,-2.571580415981334911e-01,-1.726287393357469058e-01,4.753001509907106570e-01,4.132628577604973152e-01,5.171548955050544460e-01,-1.139165038999760959e-01,2.183543632549708458e-01,2.574243885588904934e-01,3.402294735354555177e-01,-5.616542296809323709e-02,-5.613160335065937867e-02,-2.051858890188427709e-01,-7.396573644295093009e-02,1.696109900562625672e-02,5.038445795066838484e-02,1.091557752646787477e-01,4.580845371120916831e-01,2.244136746358200152e-01,2.967042704272520592e-01,2.633496176691420554e-01,4.621029081361803237e-01,-1.116465088436564279e-01,1.784177787291881256e-01,6.322206744126978029e-01,5.866810931465068490e-01,7.290759302767942929e-01,6.292002275572161629e-01,7.026719107358776750e-02,6.515707371452643670e-01,6.371329469670679035e-01,0.000000000000000000e+00,4.345622044233232728e-01,2.903469252789688815e-01,4.504230342874563919e-01,2.112033548571830288e-01,4.804299902186918159e-01,3.589746986999442502e-01,3.846735600975506042e-01,3.856017154453768581e-01,-7.592130985802496290e-02,-3.777119075622888122e-02,3.668584699036701591e-01,4.083950223166530336e-01,4.023804123546253497e-01,1.181727365273061853e-01,4.662409065510326189e-01,3.542622250021885688e-01,4.541010807280803641e-01,2.377925139068720883e-01,1.535233146860900122e-01,1.472911749492615274e-01,2.208185420211383754e-01,1.627278679214254897e-01,8.806971177122487060e-03,4.952393242016487479e-02,2.981047218771261664e-01,1.901813567626797208e-01,3.033980479404232988e-01,2.499260388695945245e-01,3.502068383234051008e-01,-1.188466535423170073e-01,2.008776368670417978e-01,3.869374749209750775e-01,2.742444320123117452e-01,5.190704493066402581e-01,3.868769521224984520e-01,5.390219683177597393e-02,5.788035583314082855e-01,5.270582727723046590e-01,4.345622044233232728e-01,0.000000000000000000e+00,3.812258951114355643e-01,3.049379899587033593e-01,3.617675111216735184e-02,3.095054484502754999e-01,3.788921091188832829e-02,1.199094926194481658e-01,6.675060226248118178e-02,-1.538789538514918620e-01,-9.156962258631742846e-02,2.346501249506875719e-01,3.383302788777074466e-01,2.585585597621414822e-01,-1.087176622363525968e-01,2.223790527469005629e-01,3.163096532600589983e-01,2.992300578736751815e-01,-4.823652756222168714e-02,-7.827364871432941629e-02,-8.018988982462854631e-02,1.555725680916597298e-01,1.006366030508991510e-01,1.329298529955099673e-01,2.721243648804220761e-01,3.099538015868613106e-01,-1.314893660587694024e-01,8.639846624722803681e-02,5.420525263975022046e-02,1.648397978553554077e-01,-2.762165798792628468e-01,2.281796401562962706e-01,4.432478263962805198e-01,4.163048921307867523e-01,5.688330703690932522e-01,2.717038816844969396e-01,2.076395604717220789e-01,3.575793123492742032e-01,2.771036250633875930e-01,2.903469252789688815e-01,3.812258951114355643e-01,0.000000000000000000e+00,3.486633399879858763e-01,-3.595544762117917903e-02,3.574169784238044878e-01,6.514886870135017105e-02,2.135399955977366759e-01,2.275301785327670523e-01,-3.078867443335537440e-02,2.784339617108938861e-04,-2.425812307671170592e-02,2.972977815207896723e-01,1.401275993723229418e-01,-8.844672750664905880e-02,3.978828973230753574e-01,2.619932994795656778e-01,5.766726569385974277e-02,5.962094389725193511e-02,2.076184672028235367e-01,3.250182507841087864e-01,2.467838169878039389e-01,3.360427543316847898e-01,6.633609228874173258e-01,6.629263199413276686e-01,7.463717654806506507e-01,1.269941668303080640e-01,3.136922789877548134e-01,3.642343811952673538e-01,3.669908276501304134e-01,-1.957474594298651005e-01,6.007939611515794587e-01,6.135435974195942999e-01,6.093904666575676865e-01,5.407458380052008184e-01,5.462081399272092908e-01,5.469722039398096092e-01,2.424137622787859436e-01,3.453071571805679252e-01,4.504230342874563919e-01,3.049379899587033593e-01,3.486633399879858763e-01,0.000000000000000000e+00,5.544944584733271231e-01,1.154711641317656357e+00,5.342949405619780157e-01,4.404193418261894699e-01,6.569267973261577742e-01,5.982126735595958422e-01,5.065813531733632802e-01,6.336778326681699047e-01,4.833122176303696893e-01,4.486654182129504176e-01,7.188888593604740862e-01,6.449580978970855805e-01,7.710272973816922892e-01,7.043574602654244510e-01,2.782093267991159191e-01,7.020038086332670568e-01,2.364222011269543067e-01,6.698943365226890378e-01,5.177873776232149172e-01,5.266358440352577608e-01,4.041569454430001263e-01,3.728640208517621235e-01,-6.819265538929339225e-04,-7.612139169928727528e-04,1.867844077349926635e-01,3.176876946434223879e-03,3.289370096366532326e-01,4.018710565014907421e-01,1.927639593887503222e-01,2.282863161428445586e-01,1.937606808291925942e-01,1.511730708711989390e-01,4.822193127893551479e-01,1.152722454914717129e-02,2.995279090940135280e-02,2.112033548571830288e-01,3.617675111216735184e-02,-3.595544762117917903e-02,5.544944584733271231e-01,0.000000000000000000e+00,6.662268853849901973e-01,3.526640500524053090e-01,2.068988883564477355e-01,4.009078377960446082e-01,6.061410723267609546e-01,4.539216570826646868e-01,3.366329549830543444e-01,2.031656295692364500e-01,2.636824669761562157e-01,5.112837690151266212e-01,4.564295042013409298e-01,5.439610826727829807e-01,3.648044026373575277e-01,1.742801690085964417e-01,4.088392512710124493e-01,2.450425711499200077e-01,4.505444872175771720e-01,2.450129508666176459e-01,7.249624032800593421e-01,7.330078583481288712e-01,8.044280885637905554e-01,1.850994203946481620e-01,3.778171990106790057e-01,4.580838732609969211e-01,3.946218609251583298e-01,-1.293317550596668197e-01,7.417433856477531062e-01,6.579102908494766089e-01,6.305841627559131135e-01,5.898032798876619021e-01,6.031014996242545223e-01,6.263599464231107694e-01,3.613841662141791811e-01,4.290423634763210758e-01,4.804299902186918159e-01,3.095054484502754999e-01,3.574169784238044878e-01,1.154711641317656357e+00,6.662268853849901973e-01,0.000000000000000000e+00,5.089732801453605848e-01,4.494421060100469156e-01,6.775728613069967876e-01,7.043739475667448735e-01,6.005599044303563394e-01,7.128693674221134868e-01,5.799052228986982804e-01,5.008688393583269338e-01,7.556045171522195458e-01,6.876516737065194729e-01,8.585536905047338463e-01,7.218179771633903563e-01,2.559975341820240891e-01,7.950351938755999548e-01,2.434958817377344820e-01,6.614066016267556858e-01,5.880771593359364058e-01,1.580374671800736375e-01,2.954441917295475700e-02,2.905080792055520500e-01,-1.688180625709729821e-01,-4.357073292959151578e-02,5.521155013876417189e-02,-5.003341115564179792e-02,6.001279295137962235e-04,-4.759669013696961326e-02,2.795756899119362648e-01,3.609997422517299825e-01,1.365973417092432307e-01,9.409381982097236863e-02,3.850962450521150937e-01,-8.494356283674055208e-02,1.211870261972965712e-01,3.589746986999442502e-01,3.788921091188832829e-02,6.514886870135017105e-02,5.342949405619780157e-01,3.526640500524053090e-01,5.089732801453605848e-01,0.000000000000000000e+00,4.857532248851038625e-01,6.622245269864195372e-01,2.770397956817685636e-01,9.084526471430469374e-02,2.639569910054774815e-01,1.553429726183576665e-01,3.187402588123968705e-01,4.847327416795296218e-01,2.921055348369889226e-01,2.697548861361671602e-01,5.715411613892132925e-01,4.939105909830185381e-01,5.122527861210059985e-01,2.599571588127244648e-01,3.266010749690448911e-01,3.568381812770701766e-02,5.914714295662609755e-02,9.129104340229371450e-02,3.934738726832551214e-01,-2.115914130208899208e-03,1.064489209803663600e-01,2.167189881916958272e-01,1.184646964050096452e-01,-1.242820060840012231e-01,1.177970499117142328e-01,4.657615496782586129e-01,4.820366703992861601e-01,4.361665715625234196e-01,3.356861196636053979e-01,4.603470065300246383e-01,1.366195044798002300e-01,2.218757908903118692e-01,3.846735600975506042e-01,1.199094926194481658e-01,2.135399955977366759e-01,4.404193418261894699e-01,2.068988883564477355e-01,4.494421060100469156e-01,4.857532248851038625e-01,0.000000000000000000e+00,5.889133617637525298e-01,1.640946224920021290e-01,5.971325288964188238e-02,3.163833862857236556e-01,2.931144285571885555e-01,4.111103253514791223e-01,4.170211132706619916e-01,4.014794883631509492e-01,2.840109373254396385e-01,4.526787102376306771e-01,3.273787956981707437e-01,3.580841553947321509e-01,3.826961592646073718e-01,3.796264382282137917e-01,2.235765402376592992e-01,2.787725394841903959e-01,2.564623565842867325e-01,4.713555998999560681e-01,-9.435558584967468354e-02,7.153773258246852451e-02,1.578837088508500408e-01,1.011050608329089745e-01,-2.682407359286817852e-02,2.004259433698125092e-01,5.027789568044309654e-01,5.661794366040968640e-01,4.186049392476284825e-01,3.059887215716202702e-01,5.607832210824148511e-01,7.115545719217918064e-02,2.070829780899957895e-01,3.856017154453768581e-01,6.675060226248118178e-02,2.275301785327670523e-01,6.569267973261577742e-01,4.009078377960446082e-01,6.775728613069967876e-01,6.622245269864195372e-01,5.889133617637525298e-01,0.000000000000000000e+00,3.723260449951166229e-01,2.027077697607059248e-01,3.613985284778028495e-01,3.229099235114177846e-01,3.920567409839275652e-01,5.405973486078086143e-01,5.175424260660926867e-01,4.429890637094070494e-01,5.223983157951819223e-01,3.942053388040810957e-01,5.772314145582334577e-01,3.928528795026927090e-01,4.443568999395351438e-01,2.372184381252194496e-01,7.527772777904983004e-01,6.256753348629935374e-01,4.198288461834063789e-01,-1.366753273482180231e-01,-4.850917567312305889e-02,1.283490330366698073e-01,-1.042584808917599998e-01,2.001357645963291187e-01,5.122784473036016140e-01,3.603335374717142603e-02,2.012603053844915224e-01,-4.045052009669555457e-03,-1.550395345717351381e-01,5.555901947687551523e-01,-3.363918341522547650e-01,-2.571580415981334911e-01,-7.592130985802496290e-02,-1.538789538514918620e-01,-3.078867443335537440e-02,5.982126735595958422e-01,6.061410723267609546e-01,7.043739475667448735e-01,2.770397956817685636e-01,1.640946224920021290e-01,3.723260449951166229e-01,0.000000000000000000e+00,7.211352791614979996e-01,2.272740752202444814e-01,2.036521015776374122e-01,5.371551065426158345e-02,6.384797203180505587e-01,4.717176589799546016e-01,5.916207991891715423e-01,2.645989404423390590e-01,2.060511070634268860e-01,6.866619894315763029e-01,3.706296326273655350e-01,4.903241059115189815e-01,3.089673403392792506e-01,6.822800871405942935e-01,6.252171044938514832e-01,3.820086700109129318e-01,-3.129483868747050170e-03,5.404276860656501147e-02,1.733571315620592024e-01,8.124506001991349882e-03,1.357258148906583528e-01,5.426858202039573920e-01,2.685027915688776787e-02,1.449025950723796807e-01,4.039762450627611134e-02,-5.691749113606889288e-02,3.904260129340263452e-01,-1.835861884305466651e-01,-1.726287393357469058e-01,-3.777119075622888122e-02,-9.156962258631742846e-02,2.784339617108938861e-04,5.065813531733632802e-01,4.539216570826646868e-01,6.005599044303563394e-01,9.084526471430469374e-02,5.971325288964188238e-02,2.027077697607059248e-01,7.211352791614979996e-01,0.000000000000000000e+00,2.196677668035057207e-01,1.925541030450847457e-01,1.705183556310533796e-02,5.625801320632460856e-01,4.273128654532604154e-01,4.839248531500087158e-01,1.826090890926591881e-01,7.474405128772380891e-02,5.376725475859557291e-01,2.571367012571710298e-01,4.269764048780453347e-01,3.694097659519821053e-01,2.126529293600561421e-01,3.716505050460043313e-01,4.823197893651943735e-01,4.165799370622781383e-01,5.040030220317008869e-01,5.637232258334784474e-01,4.345955952397782540e-01,-3.534145294329923970e-02,5.892751405475996629e-01,4.764921787725620583e-01,3.053424539323271736e-01,3.554985857574985419e-01,7.666614065085094465e-01,3.099480937610283315e-01,4.667577100228240128e-01,4.753001509907106570e-01,3.668584699036701591e-01,2.346501249506875719e-01,-2.425812307671170592e-02,6.336778326681699047e-01,3.366329549830543444e-01,7.128693674221134868e-01,2.639569910054774815e-01,3.163833862857236556e-01,3.613985284778028495e-01,2.272740752202444814e-01,2.196677668035057207e-01,0.000000000000000000e+00,4.740994026401965100e-01,5.946379369187404507e-01,6.975265847611006320e-01,2.495143360843019575e-01,4.564210419848965250e-01,5.956494712292567106e-01,3.222592548698441361e-02,3.596276281354587878e-01,-1.462852778782213758e-01,3.859952028856982187e-01,4.735277706495897299e-01,2.255665244791656976e-01,3.414886117806122945e-01,5.101265299709351053e-01,1.251600998532435283e-01,3.492179749296890345e-01,3.693309785613246854e-01,3.734699666544128438e-01,1.675442963022108142e-02,4.803115373684430645e-01,5.373462739655554543e-01,5.100403137851025059e-01,6.168660682192610434e-01,5.160315149714930216e-01,3.086861855042123404e-01,4.390620014295463780e-01,4.132628577604973152e-01,4.083950223166530336e-01,3.383302788777074466e-01,2.972977815207896723e-01,4.833122176303696893e-01,2.031656295692364500e-01,5.799052228986982804e-01,1.553429726183576665e-01,2.931144285571885555e-01,3.229099235114177846e-01,2.036521015776374122e-01,1.925541030450847457e-01,4.740994026401965100e-01,0.000000000000000000e+00,2.989729306855065660e-01,3.780743377879230982e-01,5.948322514190562682e-01,4.713338516890884233e-01,2.499819653646573325e-01,6.778694105515091495e-02,2.442621476021373528e-01,2.026743392346811168e-01,3.424861518038760377e-01,2.949795014848951014e-01,5.203042478208391025e-02,1.654036273339362928e-01,3.397725390298829695e-01,3.192392782589319467e-01,3.091134768217222994e-01,4.817824372707623648e-01,3.567732964074737390e-01,3.206339199671355555e-02,3.160345775516057998e-01,5.331458511166109471e-01,3.082517690933466170e-01,3.653438285492895399e-01,7.098580799664696572e-01,3.632009379445841901e-01,4.404177004403383999e-01,5.171548955050544460e-01,4.023804123546253497e-01,2.585585597621414822e-01,1.401275993723229418e-01,4.486654182129504176e-01,2.636824669761562157e-01,5.008688393583269338e-01,3.187402588123968705e-01,4.111103253514791223e-01,3.920567409839275652e-01,5.371551065426158345e-02,1.705183556310533796e-02,5.946379369187404507e-01,2.989729306855065660e-01,0.000000000000000000e+00,3.837820515870386529e-01,2.576716998139171877e-01,3.157908773019076354e-01,5.086186140439590275e-01,1.329703918735410384e-01,1.630711113490631858e-01,-2.523906269993263923e-02,3.175616279618926896e-01,3.232621181317320014e-01,4.771038216307187940e-01,5.093865381291948768e-01,4.886754523474298173e-01,3.925574025757951752e-02,1.492309367345986959e-01,3.611862060383302930e-01,1.572668224287780345e-02,1.189889772549642122e-01,5.786450604022018718e-01,2.141506714986574078e-01,2.912436257855278154e-01,3.573809429194181597e-02,2.815605553676960304e-01,4.776399168311781795e-01,-2.246150543701732616e-01,-1.139165038999760959e-01,1.181727365273061853e-01,-1.087176622363525968e-01,-8.844672750664905880e-02,7.188888593604740862e-01,5.112837690151266212e-01,7.556045171522195458e-01,4.847327416795296218e-01,4.170211132706619916e-01,5.405973486078086143e-01,6.384797203180505587e-01,5.625801320632460856e-01,6.975265847611006320e-01,3.780743377879230982e-01,3.837820515870386529e-01,0.000000000000000000e+00,4.624878028442283018e-01,4.795660431016273151e-01,5.972187225198820615e-01,2.929436579612515468e-01,6.539235134297534113e-01,2.358600149367368337e-01,6.762455016749826520e-01,5.814207642868907122e-01,5.508268255193424778e-01,5.779359030480196724e-01,6.591167353654837635e-01,-8.715610945378424179e-02,1.649586587519864811e-01,2.121907966825750391e-01,2.615246178303721747e-01,1.180553846896796877e-01,5.229632107242921935e-01,6.086095545774831139e-01,7.464983339646774629e-01,7.586798995241418320e-01,3.421538392187081778e-01,5.779723091876619590e-01,2.222938063826107036e-01,2.183543632549708458e-01,4.662409065510326189e-01,2.223790527469005629e-01,3.978828973230753574e-01,6.449580978970855805e-01,4.564295042013409298e-01,6.876516737065194729e-01,2.921055348369889226e-01,4.014794883631509492e-01,5.175424260660926867e-01,4.717176589799546016e-01,4.273128654532604154e-01,2.495143360843019575e-01,5.948322514190562682e-01,2.576716998139171877e-01,4.624878028442283018e-01,0.000000000000000000e+00,6.583860195597383003e-01,2.385274401690083146e-01,2.115891610463194461e-01,3.793008315550133180e-01,6.767445512369175686e-01,5.840659414622222378e-01,3.186338272825477991e-01,6.705584888891193973e-01,6.696745265932699809e-01,6.559825106720386101e-01,1.420767422383899525e-01,2.476309569056349968e-01,3.088187029017223084e-01,3.037091432517039502e-01,2.136240248386491597e-02,6.624227517498012530e-01,4.771250655379111749e-01,5.304233478074774633e-01,5.074549871023000813e-01,3.209560667712282322e-01,4.583276341826044153e-01,2.408959807873746195e-01,2.574243885588904934e-01,3.542622250021885688e-01,3.163096532600589983e-01,2.619932994795656778e-01,7.710272973816922892e-01,5.439610826727829807e-01,8.585536905047338463e-01,2.697548861361671602e-01,2.840109373254396385e-01,4.429890637094070494e-01,5.916207991891715423e-01,4.839248531500087158e-01,4.564210419848965250e-01,4.713338516890884233e-01,3.157908773019076354e-01,4.795660431016273151e-01,6.583860195597383003e-01,0.000000000000000000e+00,4.684860198026644662e-01,1.289167566092561668e-01,5.326806114119415625e-01,2.478432344248530095e-01,5.150758828697055147e-01,4.137716694074228818e-01,2.464144595532918591e-01,2.095500368933938262e-01,4.713468369276008207e-01,1.885099381767334770e-01,2.838340188411330178e-01,3.130222081927395150e-01,2.472272663769811973e-01,-1.689043624940734234e-01,3.172614997897291733e-01,4.132583275337821660e-01,3.625550825676054356e-01,2.756297919993802026e-01,4.148489210852502329e-01,3.249889743268152276e-01,2.409496796321983769e-01,3.402294735354555177e-01,4.541010807280803641e-01,2.992300578736751815e-01,5.766726569385974277e-02,7.043574602654244510e-01,3.648044026373575277e-01,7.218179771633903563e-01,5.715411613892132925e-01,4.526787102376306771e-01,5.223983157951819223e-01,2.645989404423390590e-01,1.826090890926591881e-01,5.956494712292567106e-01,2.499819653646573325e-01,5.086186140439590275e-01,5.972187225198820615e-01,2.385274401690083146e-01,4.684860198026644662e-01,0.000000000000000000e+00,3.056908910001777113e-01,4.682023727217868303e-01,3.147249296072521241e-02,4.249382575051954825e-01,3.178833777452094722e-01,1.019467790055423179e-01,-2.720541224208654612e-03,1.749895288150638828e-01,-2.070902816958520021e-01,-1.697666695134880110e-01,-2.843591049034748311e-02,-8.816083338901951894e-02,-6.972324460781337274e-02,-6.242089978129734817e-02,1.201759979724764948e-01,2.484082558159528276e-01,2.272310995992855853e-02,-1.364368478680814956e-02,1.443128500810080816e-01,-1.932266113455162471e-01,-5.616542296809323709e-02,2.377925139068720883e-01,-4.823652756222168714e-02,5.962094389725193511e-02,2.782093267991159191e-01,1.742801690085964417e-01,2.559975341820240891e-01,4.939105909830185381e-01,3.273787956981707437e-01,3.942053388040810957e-01,2.060511070634268860e-01,7.474405128772380891e-02,3.222592548698441361e-02,6.778694105515091495e-02,1.329703918735410384e-01,2.929436579612515468e-01,2.115891610463194461e-01,1.289167566092561668e-01,3.056908910001777113e-01,0.000000000000000000e+00,3.962086307486328840e-01,3.123657377173426064e-01,2.894444095130669359e-01,3.867178354928055284e-02,6.464416174088636335e-01,5.923085867925422798e-01,4.827278866686011694e-01,-1.322724074120496529e-01,3.756723189997842466e-02,1.189769985183781742e-01,2.919037168338789803e-02,-1.586696620999154261e-01,4.775608525686578787e-01,2.200811475014729790e-01,3.223108606307530377e-01,1.609940580497692397e-01,4.481143997736425355e-02,4.951909345271120477e-01,-1.094999374432045064e-01,-5.613160335065937867e-02,1.535233146860900122e-01,-7.827364871432941629e-02,2.076184672028235367e-01,7.020038086332670568e-01,4.088392512710124493e-01,7.950351938755999548e-01,5.122527861210059985e-01,3.580841553947321509e-01,5.772314145582334577e-01,6.866619894315763029e-01,5.376725475859557291e-01,3.596276281354587878e-01,2.442621476021373528e-01,1.630711113490631858e-01,6.539235134297534113e-01,3.793008315550133180e-01,5.326806114119415625e-01,4.682023727217868303e-01,3.962086307486328840e-01,0.000000000000000000e+00,3.936529143414587151e-01,4.699213122938343257e-01,3.937459851297324120e-01,3.075124386985482183e-01,2.640837508739886097e-01,2.872879874290195090e-01,-3.706566743697121136e-01,-1.739688357965793464e-01,-9.940875158549788981e-02,-1.285378537366139162e-01,-2.372519505464647585e-02,1.393629025790846798e-01,2.040396641017450940e-01,4.366060775467313082e-01,3.296931614634320828e-01,-1.409049152117568815e-01,4.653097428466563268e-01,-1.910005409599812853e-01,-2.051858890188427709e-01,1.472911749492615274e-01,-8.018988982462854631e-02,3.250182507841087864e-01,2.364222011269543067e-01,2.450425711499200077e-01,2.434958817377344820e-01,2.599571588127244648e-01,3.826961592646073718e-01,3.928528795026927090e-01,3.706296326273655350e-01,2.571367012571710298e-01,-1.462852778782213758e-01,2.026743392346811168e-01,-2.523906269993263923e-02,2.358600149367368337e-01,6.767445512369175686e-01,2.478432344248530095e-01,3.147249296072521241e-02,3.123657377173426064e-01,3.936529143414587151e-01,0.000000000000000000e+00,4.011297005713956310e-01,1.603650638038599807e-01,4.519929168218658200e-01,4.447793767119416208e-01,4.892119272274638164e-01,-1.152183002157218528e-01,2.052324516760454208e-03,1.999996797933733250e-01,8.257488990423309666e-03,-1.883699074783938901e-02,5.961325413843986398e-01,2.728188395800965060e-01,4.453287967931233715e-01,2.402030931109972178e-01,3.152920377526765017e-01,4.686129842347304120e-01,-9.269231653178033881e-02,-7.396573644295093009e-02,2.208185420211383754e-01,1.555725680916597298e-01,2.467838169878039389e-01,6.698943365226890378e-01,4.505444872175771720e-01,6.614066016267556858e-01,3.266010749690448911e-01,3.796264382282137917e-01,4.443568999395351438e-01,4.903241059115189815e-01,4.269764048780453347e-01,3.859952028856982187e-01,3.424861518038760377e-01,3.175616279618926896e-01,6.762455016749826520e-01,5.840659414622222378e-01,5.150758828697055147e-01,4.249382575051954825e-01,2.894444095130669359e-01,4.699213122938343257e-01,4.011297005713956310e-01,0.000000000000000000e+00,7.625846020826484439e-01,2.958370015474237058e-01,5.019432472445203297e-01,3.527885608874078982e-01,1.117703159488037945e-01,1.625162953578933589e-01,2.794216033619374984e-01,1.340044323516276781e-01,-6.978753160497003227e-02,7.205737120877694357e-01,2.744871958789098509e-01,3.124236018158422779e-01,1.937977947540530932e-01,4.931490651314591744e-01,1.649967946926433615e-01,1.277578582578509925e-01,1.696109900562625672e-02,1.627278679214254897e-01,1.006366030508991510e-01,3.360427543316847898e-01,5.177873776232149172e-01,2.450129508666176459e-01,5.880771593359364058e-01,3.568381812770701766e-02,2.235765402376592992e-01,2.372184381252194496e-01,3.089673403392792506e-01,3.694097659519821053e-01,4.735277706495897299e-01,2.949795014848951014e-01,3.232621181317320014e-01,5.814207642868907122e-01,3.186338272825477991e-01,4.137716694074228818e-01,3.178833777452094722e-01,3.867178354928055284e-02,3.937459851297324120e-01,1.603650638038599807e-01,7.625846020826484439e-01,0.000000000000000000e+00
