0,1,2,3,4,5,6,7,8,9,10,11,12,13,14,15,16,17,18,19,20,21,22,23,24,25,26,27,28,29,30,31,32,33,34,35,36,37,38,39,40,41,42,43,44,45,46,47,48,49,50,51,52,53,54,55,56,57,58,59,60,61,62,63,64,65,66,67,68,69,70,71,72,73,74,75,76,77,78,79,80,81,82,83,84,85,86,87,88,89,90,91,92,93,94,95,96,97,98,99
0.0,0.337390364806957,0.48617820829408703,0.13452612511476836,0.2315078720400992,0.380789190243579,0.46182595926674924,0.27696813586571134,0.28718299746908055,0.13530923364635347,0.22841627755365596,0.33615576872320624,0.22657523374915528,0.3314935609304226,0.2203276702905764,0.40128878776039206,0.27717114800377896,0.21063354352721,0.313506089663349,0.1965505029258916,0.12724731100913383,0.30096527697531467,0.2550952308071554,0.20498947139634438,0.2889624970773946,0.20055248037810874,0.23495013801039236,0.3009903278840485,0.4129184505840944,0.24524829233901188,0.2672493430011519,0.3371712397869893,0.28013421370563274,0.14435926536344842,0.347358127794189,0.22451278464733318,0.35469638234769574,0.23686826304990866,0.059488376112051426,0.1667351365340316,0.18365292730500268,0.2203078412339354,0.3005338583951548,0.26443070100374366,0.24658184993826682,0.20637501771232683,0.15836681373177044,0.37756835573732644,0.3652365768477893,0.1692228563691625,0.22257627461167218,0.23406162918563764,0.04050124933229856,0.03445262263528115,0.34075430120620886,0.35129033057564824,0.1501446371042548,0.1880453810462636,0.1161132536615499,0.2978226113588755,0.1652655000143081,0.20432723235771935,0.1881331956525991,0.242985700990656,0.2504168527888757,0.19706680788560924,0.17427803268150266,0.19206055851658976,0.11408231730038855,0.12732244897759568,0.1466599873850989,0.09485601875763629,0.2006676644832296,-0.0063894037230125935,0.12838068238041864,0.1806234753693063,0.30355262506504954,0.1142023582482755,0.17812506794204425,0.17703692114342656,0.04068728440659296,0.09730785672589,0.1351501520121866,0.22143640546824256,0.1920871948720489,0.16424606663064348,0.322449005512017,0.1604653331848866,0.2568496259454439,0.07619063642200881,-0.04443713854154086,0.025926769894871835,-0.04947719339685351,0.16849002314284864,0.1472083125507247,0.21021716470836024,0.12212301511882258,0.24603908940742464,0.48847917573940985,0.20108775115159455
0.337390364806957,0.0,0.7074926270779761,0.815287513390795,0.5892041197023472,0.5964896666574198,0.6690415281294314,0.7375059303149443,0.6619973133887397,0.18595682068115582,0.33962934679416656,0.3429876251842902,0.29536317959754527,0.33542184094461525,0.2813775513523177,0.6913053858378019,0.26262542304003994,0.38939234554244595,0.3759350188328472,0.32707900441772547,0.2602275751300243,0.23399056798894938,0.19870281061655778,0.2101617005837968,0.147646829295878,0.193219587580468,0.2687531027270903,0.25080336469352155,0.34270137532143424,0.23034115570816394,-0.01208999706597755,0.126255435838182,0.34602892532808005,0.26239970211492236,0.2002356672346367,0.2859991920834488,0.2894372123901145,0.16690204542784495,0.19095051785456155,0.2321190645719161,0.24842119714285035,0.23363397539492883,0.15108438092219845,0.3017665837421648,0.29671559115743357,0.15586653131496456,0.21408970071084513,0.22423454204807186,0.2292215709753855,0.2687011750521521,0.4631607493795272,0.816117877170354,0.5716406184659582,0.6566042911500414,0.6915936443920323,0.636961344871618,0.5799115001496925,0.5989016766355051,0.20231223873924378,0.34461077946793883,0.2821597882904315,0.28222711243845244,0.3054796353584757,0.39858256567957895,0.14984337459179367,0.28246376808618334,0.2802733350378137,0.29542598144150745,0.27806596713923476,0.5093439738735472,0.34203729468733357,0.1609781926246732,0.338035175258355,0.1287330175853824,0.22349156680218937,0.2260923584812777,0.27736813308720176,0.15864473595473846,-0.04613861319620514,0.03616105724057177,0.18031955461553806,0.2548596338293602,0.2049020785334324,0.16812944052183082,0.2446715065286288,0.2032381479563377,0.27057420814484673,0.17274434881553874,0.35624788744065883,0.18023135357351994,0.17365597735763932,0.11301857644731785,0.1799186075251312,0.10664662287474788,0.14550388303760559,0.24288355030525272,0.1574134421369893,0.2389992820535167,0.3196219468955725,0.3059343052562317
0.48617820829408703,0.7074926270779761,0.0,0.539500804371637,0.6421312178594268,0.7575632745451203,0.6854026068095695,0.6877480267665158,0.691291935452792,0.1399011864884635,0.3926974188619475,0.3890856153210743,0.33245594178495025,0.49429435036156466,0.3305101131736412,0.5385579140773663,0.28291291131059004,0.48758698779424237,0.45276963875777887,0.27327893926404573,0.2587139982181049,0.3123869836099851,0.27309108293721546,0.2955204960096031,0.23756814233838963,0.24819360034823715,0.3388912991348252,0.3328336474447833,0.437795569226458,0.2831332118149147,0.18111883566811673,0.20863614344994433,0.18610012060879683,0.1953831724041238,0.29733515365347224,0.30504134208395656,0.3569057627946491,0.24356439977523653,0.22349178870486666,0.29002430300639737,0.3192227526774237,0.33948321126105674,0.3369136427399644,0.3126471537636292,0.32166287017697925,0.2858655344053939,0.27787504828725695,0.3141009818393536,0.3097168840949476,0.3415685084390415,0.4054081236727028,0.6999122681651984,0.36865805700435905,0.40694884686235144,0.7104113649045707,0.7550966751845132,0.5928189955348308,0.6303293052567466,0.2316384392611365,0.48058681748252285,0.33947758457254534,0.43136799313487795,0.47687125196885005,0.575848566433546,0.4704153721000283,0.45483674109828304,0.35766359018796445,0.430113651549222,0.34016534170654616,0.4687916395437274,0.3669022926044851,0.26220439252523137,0.4436457072192522,0.19241192961608933,0.2801963320675111,0.2839399091032731,0.3782304553459638,0.334905519855458,0.18632274647945618,0.19570923540512408,0.27936224764267664,0.3100826108747474,0.2942491479341826,0.32183160285712026,0.363148111023053,0.3489446506593618,0.3966313455414547,0.29763203303426106,0.4366402796251965,0.31131249108124975,0.1925767815432742,0.20707209107116106,0.17798029442525207,0.3137370180196208,0.2731453309702987,0.298972647657324,0.3040679391325573,0.37180168280826664,0.4109356607358702,0.35253433320916827
0.13452612511476836,0.815287513390795,0.539500804371637,0.0,0.6408538370254012,0.5466685818125254,0.6902873231482584,0.7623229048356587,0.6244641096200502,0.2750262767818632,0.3582491462642794,0.29796497818749984,0.3277366761862608,0.38445063000728796,0.28983145025112356,0.6744620373316869,0.21290952840771585,0.43072235773285467,0.3749589383511624,0.297694330611167,0.24287140691709272,0.19872772050394022,0.20112962658909264,0.23964456424292752,0.10775165559993666,0.13169363660917624,0.25751466196492495,0.18962111391198325,0.29285150784795244,0.20476515066576312,0.060132855365381564,0.16073406253897193,0.25817878613875284,0.24254400494478887,0.2085740509789004,0.2389422812580592,0.24339077556969774,0.2102203712749616,0.26982829803217817,0.2911133240571099,0.2924600809713495,0.2381169805104429,0.18341781932533419,0.3141337257394558,0.34256340198006446,0.191896749628615,0.26498648538600544,0.26614278219727194,0.2684606957274942,0.29862129501472356,0.49242554322400534,0.7088569239915319,0.5611235753709929,0.7938771949097683,0.6412497300536677,0.5257035750900001,0.6460611331186757,0.6230613397566261,0.30258153796224335,0.3017798524232867,0.2827103238694224,0.35692323623386546,0.3930940963642479,0.46691852940106027,0.23750811098414568,0.34513009076518714,0.3702949574165374,0.279888167919467,0.28617057470962726,0.530622770833075,0.35300605008560487,0.17559234104245727,0.33137636179528085,0.21621344562611977,0.19568465992769463,0.16549710116900745,0.2628887885522131,0.21778803382890904,0.05338675978447388,0.15805067899075956,0.19797159408736467,0.28985723606419167,0.30312229239019944,0.26673855400888374,0.281345717717531,0.2562106146634547,0.26179147508003264,0.1739281113826297,0.3481818602773141,0.21323406705025919,0.31753339528431374,0.2272484788148147,0.291934889202925,0.22000001243051934,0.17623525420993058,0.3304523006405942,0.2547921383619952,0.3091471146217585,0.298097483471805,0.34979889428072247
0.2315078720400992,0.5892041197023472,0.6421312178594268,0.6408538370254012,0.0,0.7277491544465707,0.5528737683251281,0.654581306712004,0.688739110894384,0.27574877017277827,0.46436689366521733,0.3371552462123945,0.3748635335675404,0.553940588353009,0.38875020677121114,0.46308890802739244,0.16778112351237998,0.48962053438254033,0.40795018020220936,0.31737347885237116,0.28679365027893905,0.3552496875505653,0.296162904300755,0.38376198137753126,0.17265021740094633,0.21106951088416764,0.3484935309256762,0.3340275504459254,0.43561971735110816,0.36603046519716853,0.1747326067019218,0.188760126200401,0.1455218179106433,0.2389100997040283,0.3246718752235849,0.2278203162386924,0.30452233135362006,0.3068780198846265,0.3972234657022817,0.44299019312843874,0.4428076925266934,0.37811473649102656,0.42832070419994756,0.3690621414654954,0.36538696685660216,0.4278557535668065,0.4287173625243088,0.3613155304086643,0.37189653546564366,0.4467899431223776,0.3951455382995978,0.6013698637092691,0.37434324816570036,0.6726253459496158,0.8106497046865947,0.5610866598947839,0.6228507022095915,0.7561240875582897,0.41787713834667756,0.5023306475199715,0.32611257817356565,0.5629170290056078,0.5987112068993649,0.6192304174682912,0.490675141092836,0.5511067854120357,0.581114750119946,0.375363817885212,0.3949446224725914,0.5100577335470418,0.4268592817563207,0.3701204070459954,0.43202582013203134,0.47259600366798954,0.2690233769328866,0.22229631024115531,0.33759508219878964,0.3887944451901652,0.16626053266978955,0.2174632894368166,0.3881001749615828,0.43350860824678317,0.3186779001685572,0.4407655976157361,0.4273566147754703,0.5607146023720083,0.37759471314967424,0.32524644580984685,0.4448394534576272,0.4776129344386341,0.29605410885198297,0.3780505632893363,0.45026716271675726,0.4053369289766234,0.3734297861831041,0.3578716701938143,0.4521967075759419,0.4687648648179714,0.3398412067817426,0.42783175858547356
0.380789190243579,0.5964896666574198,0.7575632745451203,0.5466685818125254,0.7277491544465707,0.0,0.6459179679629332,0.6997700238929422,0.7760237442752294,0.10243935820554655,0.43927427891539284,0.3161934730498463,0.3340728064322523,0.4847233858810843,0.3926137026951255,0.4607594199727669,0.23364436801835314,0.5751620999051957,0.39801912067009126,0.42614530955649077,0.3090382932402901,0.3015400941513152,0.2576166182567325,0.25890281767691536,0.13349500427529495,0.20591240993133675,0.304639348091987,0.32337752476614784,0.4909685047235217,0.3000771529594293,0.1646690666873446,0.14328243423070108,0.16240508339700557,0.31398853299232904,0.2804350802612897,0.3484479250943847,0.3763156287733146,0.168056237661998,0.19043802539729257,0.28529044563481226,0.40760995554315393,0.29882284377850243,0.271707391163082,0.4254951106771209,0.37135136779488576,0.26284323599565007,0.29906170267989096,0.36638880752861414,0.6503210496592462,0.45937067877348453,0.5356349519561944,0.7153710176197771,0.48142668298973196,0.5314974703202968,0.808488644063503,0.8113452324326675,0.6889680976280358,0.7836033584789168,0.29994001661643893,0.5553673575926956,0.4111237771204395,0.5753051898976735,0.5770553623520759,0.5896066323387037,0.44805138684157686,0.5262368913177892,0.578227679384497,0.4473673146933038,0.4572748859505734,0.6056962648075603,0.47502208455846967,0.37255027211733427,0.5258015482636478,0.28246583300242517,0.3448389742535425,0.28946432142877154,0.4576576133833386,0.3758015411742035,0.1565306501145826,0.22398973627669952,0.3865807611700075,0.5030558799089871,0.318283552250087,0.3757883267963011,0.3947851247713194,0.4551989622268811,0.4297349444929976,0.3398803865496149,0.5216692690701347,0.4603537203798078,0.2797150049083978,0.266516914791265,0.2780029794507956,0.3203811036661166,0.27612338015397886,0.44538602194067844,0.31594495123661165,0.4865860792302582,0.6097240032766013,0.4816177961116494
0.46182595926674924,0.6690415281294314,0.6854026068095695,0.6902873231482584,0.5528737683251281,0.6459179679629332,0.0,0.8075556812933545,0.6815432443078884,0.3155959674785821,0.5247847865676909,0.5165027037935217,0.5075620467199992,0.6300729006305392,0.46235135472500366,0.7304220616904954,0.456526675354828,0.6000308472598535,0.634195134273517,0.424257594872502,0.382097809737677,0.39767621587576496,0.4642352835290438,0.44184604544866035,0.33910376811757975,0.2899067386129035,0.443268639321174,0.3964190418697812,0.5773695166339133,0.38384961166315645,0.23660314283969267,0.33856050163902224,0.265968758730088,0.3197465476329217,0.44271364080335623,0.3612231462642422,0.42021262094876954,0.32642015482077547,0.2792684228391514,0.43156257988172625,0.4335917455802875,0.3795354394899594,0.3861958666817973,0.3885811314603774,0.45560200789942384,0.3588523814212394,0.3932897932357909,0.4989547592319258,0.4052472150459473,0.37733438016057075,0.411964358953019,0.5773338911332306,0.4169683580907766,0.4739644103784908,0.5996691241228361,0.626127406521878,0.6308682304239303,0.6222665686210701,0.3408295231554592,0.5032642620462845,0.3865645098460409,0.502034369229225,0.5407072571124504,0.613594334063717,0.5534145586621143,0.5503084634736757,0.4776222361068805,0.4721917913873226,0.39083988050425467,0.5196068995547858,0.49821004400745106,0.26641771618314886,0.537149660295684,0.22491373108456114,0.32836722646668853,0.3239051125182917,0.505674697153845,0.4322271602677758,0.2199070465029759,0.3043371611212202,0.27236842591690413,0.28971861605857396,0.37305492731112594,0.4368290733372145,0.4558809110376482,0.3757476558557426,0.43048472063717264,0.33671504281376496,0.4901102093075311,0.32727482792094187,0.22560923122491944,0.26526837217129856,0.2310009577695793,0.370196061085407,0.2787519667603025,0.4320403480196013,0.3982577690699695,0.4825287951876152,0.4988574439483677,0.4134846789078764
0.27696813586571134,0.7375059303149443,0.6877480267665158,0.7623229048356587,0.654581306712004,0.6997700238929422,0.8075556812933545,0.0,0.8672254141805078,0.2627045285379629,0.5048875232498056,0.4475749298279351,0.5408940297174527,0.6254013707743653,0.5731087322685787,0.6585484667018351,0.36084150711502855,0.7347084955999756,0.5668903110925466,0.48254487274553176,0.5202142492922932,0.40238005369301516,0.4718775535338665,0.3587520874332523,0.2526287403702596,0.24436797306452862,0.4358001051875693,0.4060675725080802,0.5862839068507759,0.4430148202075558,0.11911250104592491,0.24924641859839347,0.2774067961881629,0.4105201845182023,0.3912904905732136,0.37006111965269606,0.39722450739002096,0.25657729521229516,0.24647137495868957,0.3375518224600942,0.42537746189662173,0.30613404453067355,0.2941276606761259,0.48071727284989,0.48132534024557877,0.3927996864885705,0.39240777147225886,0.45725770176580166,0.39103677983067264,0.41328238415051344,0.4504288700191488,0.7079714255624511,0.5826225743249428,0.6402878221428453,0.6642199987395913,0.7243705263028756,0.8381001255887904,0.8437173473019591,0.29982577123999715,0.5168892505571188,0.34476335316365686,0.5464623603952028,0.5658646481972065,0.5760419190082587,0.5182489254631103,0.6307684084135833,0.48910281471953576,0.5141028295409054,0.46897987697888704,0.7602156574574542,0.6437748022385256,0.3059272359613865,0.587921264808518,0.26354103151544395,0.3082322454150911,0.26608670524336697,0.4811364764689813,0.39113183420128517,0.06395139752850786,0.1489490664523658,0.32370875208961697,0.4010204781621233,0.30798440028399476,0.36917564477750714,0.44012255355183916,0.3775325093630824,0.4146512367553864,0.27675257287055816,0.5299009957108319,0.3638713953254558,0.19114403898339902,0.2122607437243372,0.2851249483127075,0.266572416366744,0.1587668527044567,0.41421456324317807,0.3816768420336928,0.46730497793464354,0.4211299454601282,0.45317130622402085
0.28718299746908055,0.6619973133887397,0.691291935452792,0.6244641096200502,0.688739110894384,0.7760237442752294,0.6815432443078884,0.8672254141805078,0.0,0.1571740687265734,0.4649257055835187,0.4245712440335971,0.4557605202621062,0.5720391773657887,0.5644118652900211,0.5332181393454499,0.3865579081252985,0.7355859168979595,0.5242877473371003,0.6074379371359184,0.5186601698690564,0.4244571341864342,0.4268125774935919,0.3176361624129037,0.2629000877270353,0.34103777767472765,0.4944212476400879,0.4842916730116604,0.6194674793534122,0.45168025607195406,0.0959755612295178,0.1658310995269454,0.2029088641980476,0.47611334458222226,0.4116893686890313,0.5762091170695275,0.5338637182537175,0.13945615547058005,0.13976216127845556,0.2223831534301405,0.41461128798171076,0.31228819490840454,0.2692122420436445,0.5122717551265062,0.5242824046891764,0.3413970476504785,0.3465747394802664,0.42284459299711513,0.5112566743589718,0.48186530836688807,0.4303494758929298,0.6998642499530486,0.6106077804599799,0.6159428185677732,0.6728555140211288,0.7403673440971924,0.8034188262292926,0.8829574178276387,0.26931851422586867,0.5486850749763763,0.40503134918067807,0.5414777966730115,0.5974118648841305,0.5625496960883875,0.5192647733736377,0.6487014917199646,0.5025833806163513,0.5901402835223336,0.5980226412287721,0.78499586460533,0.6728617772864631,0.4393654614156833,0.6275969995505631,0.24504359496528172,0.43974582759032327,0.35807917783128673,0.5984551429004926,0.441045777326107,0.03633421657987963,0.09562589026379664,0.4796468736933247,0.5185690381699658,0.3571735017713413,0.390247057419579,0.5268366345807928,0.4127973022478776,0.5470881532216986,0.376320724190351,0.6777837128813805,0.4267270600407141,0.1631694822657463,0.15013154467585077,0.22279930344891222,0.2941803910120034,0.16717869609686878,0.34604049604260745,0.30543205367223053,0.4920546267601601,0.5097966388339868,0.5091530817022633
0.13530923364635347,0.18595682068115582,0.1399011864884635,0.2750262767818632,0.27574877017277827,0.10243935820554655,0.3155959674785821,0.2627045285379629,0.1571740687265734,0.0,0.6622330745729947,0.6252253355141755,0.6163110360636186,0.5358785961465306,0.48082827574009623,0.48019150855826714,0.33992744150508936,0.20601091292811521,0.38326254371343266,0.18412200088292743,0.3965170552141507,0.4845300764792423,0.5897471188065151,0.6886276794091115,0.44946866143967845,0.25686082478872824,0.33537399920099153,0.4243784312645135,0.43435361415324275,0.5549456850035615,0.10907282834609237,0.5479671042840784,0.43595864915129273,0.27056467910913845,0.49722389065388967,-0.010087808471544396,0.25125159287832083,0.6369082771269114,0.6093135063225686,0.6914006488157561,0.37008894238377144,0.3677227247894944,0.5119212846831356,0.3278360639261427,0.30412821404166834,0.5494932858562229,0.5023384303483335,0.4299074028209126,-0.0031668670403365517,0.22382179355011644,0.05203571588204126,0.012115177220496081,0.054351166795824794,0.19176386154961694,0.13954683981475738,0.07293133349256764,0.023231324844967365,0.14907175246210155,0.7946985531434103,0.33878814487821496,0.08582779400385152,0.22691300239125262,0.3113857051633657,0.22888309432294404,0.23440946849449898,0.347150171541997,0.2191439269835941,0.13792518432929504,0.054280830788725566,0.13316452836028198,0.30597150626865316,0.08485633645237041,0.1781701668217801,0.4853420277246626,0.09553861090691781,0.159999674982818,0.15330247799427982,0.2087914829110409,-0.06728217723314257,0.09898426900236874,0.002913369759872254,0.0241280397806567,0.01874983894843205,0.3139195531802883,0.17621310350412142,0.2885971080945298,0.18359516156416922,0.07252059984145627,0.16203272145886163,0.05015929329255804,-0.039938597518991814,0.42772567053569555,0.5632792068807619,0.19537310087202084,0.12708360131288812,0.18643323481761212,0.33889679293661534,0.17655519432853664,0.023892389366482518,0.23191424802581673
0.22841627755365596,0.33962934679416656,0.3926974188619475,0.3582491462642794,0.46436689366521733,0.43927427891539284,0.5247847865676909,0.5048875232498056,0.4649257055835187,0.6622330745729947,0.0,0.7960725271947613,0.7532701518125317,0.7458235514491688,0.6927666482933961,0.5335611070787479,0.5331597444544648,0.5471348594259142,0.5952822989090879,0.41134645007435766,0.5865206535862153,0.6017060121181323,0.6634961889616198,0.7290624776307628,0.5470414934900156,0.5127904596633565,0.5471295911075446,0.6553310898138591,0.6688060145956476,0.7009405386408075,0.11725801941087612,0.3977961258630016,0.28900300578733973,0.4475673490034301,0.6039225809923635,0.2574264355556964,0.45917247186799415,0.46085754801669915,0.4557659785505586,0.5404331546178053,0.49601217925530156,0.49348844182125906,0.5523737111330619,0.5237091474021566,0.4534089242749994,0.5826241270646998,0.5355893635587455,0.5430831706085308,0.312561105505332,0.3914812963284087,0.22389905788620582,0.2951934686188961,0.2688168973497169,0.3017237400168476,0.38564827753371395,0.38136270927226745,0.3387496047162212,0.46590697855341145,0.6447276140864487,0.6933062114411469,0.4385924403720634,0.5268530991650463,0.6180634775883974,0.5048177210577597,0.5210028911062665,0.6749597468978622,0.39020105429438245,0.476662155421134,0.37259113310248115,0.44195674195240153,0.5749928902017997,0.35793006100216873,0.5201112331079023,0.4014662900582681,0.4190902484925329,0.4499138648171391,0.49314144276801547,0.5649444343643465,0.018021441410883948,0.09974992718849994,0.2866631200754187,0.2854225011807711,0.21001942171409776,0.46979008905092345,0.4135295823641172,0.418963155447646,0.42840464448489485,0.37870964729089396,0.41508718681873596,0.290651277491402,0.05213570684564758,0.31471600176133896,0.42078424596379144,0.3695544951210574,0.2305459084032508,0.39204978421339626,0.43750035937570225,0.4249640723401955,0.3242188826315851,0.4025336975901579
0.33615576872320624,0.3429876251842902,0.3890856153210743,0.29796497818749984,0.3371552462123945,0.3161934730498463,0.5165027037935217,0.4475749298279351,0.4245712440335971,0.6252253355141755,0.7960725271947613,0.0,0.7620203351015676,0.7091109051585824,0.719235442357,0.5604199479778932,0.7248644915506365,0.5415912034243648,0.6702576287328305,0.4406718055200547,0.6678810807757194,0.6480283874186074,0.7344608700374706,0.7883720686439446,0.6745594087127901,0.6332474097032484,0.6527841183699642,0.7881128850483465,0.7213297447675302,0.7795033896003547,0.18174967122141814,0.4958734631158667,0.3897791427753252,0.4998132714631243,0.6521898372952405,0.3536057082940159,0.5572064987136582,0.4532944962203762,0.32660060350136516,0.42600389984506215,0.3613298358364006,0.47810608066513505,0.5563716829634612,0.4898175972981416,0.4982209813034672,0.5298698413864642,0.44234590333224133,0.4998767515587764,0.2155024149702022,0.257077351287912,0.08295401274708532,0.18820958224881845,0.21124455030641126,0.20588112883179424,0.25225246427258396,0.3074334705370379,0.25762999928840374,0.35804733232685654,0.5263907932098142,0.6688912724927003,0.49703828175448617,0.39163219715217945,0.5255000624376573,0.34852178883343854,0.5155253392069034,0.6010145924006949,0.18135117897683004,0.572414228571153,0.40520699714858793,0.4038197804246819,0.5730205998097998,0.3619354347792867,0.5142004399072724,0.20431659286729612,0.532073517986101,0.5839915112746119,0.5891757932682576,0.5698928401410421,0.0049203929290141495,0.04829036242296646,0.26088292516998257,0.1625894868908349,0.2056155621720335,0.43129148546930846,0.42323691557090715,0.2468336330187102,0.45043695184241295,0.3665866656495364,0.41598983713329973,0.10321253321647335,-0.13976184460744806,0.19602483069984866,0.22057540037399928,0.28409700767830603,0.12290277339236497,0.24030091561814498,0.3026221960396487,0.30533231804399263,0.29115456529473943,0.2878553398146102
0.22657523374915528,0.29536317959754527,0.33245594178495025,0.3277366761862608,0.3748635335675404,0.3340728064322523,0.5075620467199992,0.5408940297174527,0.4557605202621062,0.6163110360636186,0.7532701518125317,0.7620203351015676,0.0,0.8035595436461445,0.8246347689280543,0.5433672373985707,0.5629268116996916,0.5814679306549151,0.6242761671387747,0.45689780335379526,0.7310123797707788,0.7222418759919051,0.823846194689487,0.6999901442588655,0.5100710602953757,0.4148118689474244,0.5722420177385892,0.6671478673709086,0.729718285380598,0.8014148062310539,0.09415822740178788,0.5307995044034595,0.44621184387378543,0.5524281069453016,0.694476032736157,0.18840323404617942,0.43466812036024305,0.5553637683972681,0.45211907508460514,0.5143575751459867,0.5427722773200437,0.41037466515128607,0.5254449312992688,0.5744089181597638,0.4997798072475742,0.7139209501737271,0.6446106534785518,0.6800531131124921,0.1727199026425302,0.3672921471756913,0.08981140694425464,0.16433247801284304,0.2477459119659406,0.27937225614851674,0.2796541204148682,0.3548628630584832,0.2877147850083279,0.4426263652864896,0.4539282238642756,0.5522560362023349,0.2699116832112439,0.6072450123032265,0.5955479335972044,0.43115178726345066,0.49699848439842004,0.7208528004201256,0.3298497029266427,0.4481949855193869,0.32082274684180445,0.5008450752100351,0.693538239555644,0.2629715105863901,0.5415040593756972,0.33936404218083915,0.24742694680694785,0.29686325991249884,0.43336137506856404,0.4574603577529792,-0.10426734669712738,0.028985594112608197,0.19173399740753327,0.25777049182888684,0.11952453197178295,0.37089479218324484,0.39486829493231423,0.40728533484450236,0.3580056410072685,0.2657784712547839,0.38832249054803714,0.24098627567950978,-0.10995361414937664,0.2396047961663545,0.39102827142319985,0.19376299787702542,0.0890606936940292,0.38094277291320555,0.47671857869944567,0.42739982299321183,0.21212918382124143,0.38729848925371985
0.3314935609304226,0.33542184094461525,0.49429435036156466,0.38445063000728796,0.553940588353009,0.4847233858810843,0.6300729006305392,0.6254013707743653,0.5720391773657887,0.5358785961465306,0.7458235514491688,0.7091109051585824,0.8035595436461445,0.0,0.8186685682331628,0.5175007739507013,0.5174531452361465,0.6757054826838461,0.7424347102801802,0.4531515728971937,0.6740076468357091,0.6763689607179908,0.7924271534679994,0.7230839676510223,0.5336862504506641,0.4059932520323592,0.6500349984210555,0.6773006928711746,0.7710266823450731,0.8103057122046063,0.3160004472688532,0.5731163308432983,0.35845116432587165,0.45046048232574015,0.6921612313898151,0.3019350084643605,0.4945767645312776,0.5847676901195292,0.4937811514786115,0.5536134923900274,0.5956894514166738,0.5475008157205797,0.6811034727913088,0.5560932601333541,0.5923792977377778,0.7483233930048044,0.6675389813903538,0.6885737764983006,0.27954502384864605,0.4558793702044103,0.09915105669041034,0.23600675984820998,0.1312543839301122,0.27970570167683345,0.46060930729138533,0.44623075332520357,0.44142091441315623,0.5787658455386038,0.4974879478565075,0.6596793059943753,0.30994403425341555,0.6028906306321539,0.7163989921477912,0.6724577066643915,0.7334984651500784,0.8404447267936379,0.44546485479013154,0.5330001848905057,0.41197197632298804,0.5304703137209574,0.6998552535103377,0.3588951304589666,0.6344342673807484,0.41296438845748806,0.30558857155649655,0.37865633092751555,0.534491373241986,0.594791978432579,0.15493369105643087,0.26357558372132867,0.3144566557677254,0.3134963904423989,0.3337151504817614,0.5546802856887534,0.5582599228811996,0.5660826635006239,0.45269324487079043,0.4067136943346923,0.5183330394291066,0.38118255663868955,-0.045787883722438,0.39695129327335177,0.4213618268447582,0.402782985226911,0.3325630497118905,0.506205876436132,0.6360055196644694,0.5489525351882012,0.32771613636239294,0.42479037884159926
0.2203276702905764,0.2813775513523177,0.3305101131736412,0.28983145025112356,0.38875020677121114,0.3926137026951255,0.46235135472500366,0.5731087322685787,0.5644118652900211,0.48082827574009623,0.6927666482933961,0.719235442357,0.8246347689280543,0.8186685682331628,0.0,0.4757264640289692,0.5975389864922983,0.7150787917548478,0.6382722828083035,0.6291407992885819,0.894058511704364,0.7300095023234384,0.8690135132298278,0.6645209271067893,0.48171711649059007,0.40691073112628035,0.6553311712534143,0.7556719545094558,0.8411782913627217,0.8960528945802243,0.10755738764402434,0.4753762325034596,0.4798079282086298,0.6664220130618588,0.694423937689655,0.3244319584668175,0.5139404981995769,0.46155714633863965,0.316499600164363,0.39273645161177434,0.5564594926956248,0.37985851408260324,0.4736229613659166,0.6733915545495995,0.6001062941189433,0.7200564875452851,0.6136578589425035,0.6835247360457541,0.3031456925258177,0.4180517141927818,0.06321485426254171,0.20561682617688448,0.31624378901606365,0.32646235824647607,0.3052993747101841,0.41679789605962003,0.4215770449696557,0.5572961873917628,0.3617787040193014,0.6195278674462489,0.22254945016000208,0.47248015989795883,0.5644759769429484,0.3708093616208565,0.541241095770408,0.8358222585283717,0.36776702097569836,0.5368727911434387,0.46406044715046285,0.6548375399478739,0.857997163370996,0.33888000930328604,0.6462685579014465,0.28582239433639517,0.35057090600195884,0.34488556109661256,0.5752775876505425,0.4683398231282382,-0.14394168910798122,-0.03967532789410993,0.3226442621924434,0.35797805526644366,0.1538818468014765,0.3561289340686529,0.4860140100694202,0.4315896112624345,0.40285636334300035,0.2677470332740026,0.5031254115204017,0.3170853205306027,-0.23822541539825054,0.17269037292430922,0.3249253126327067,0.11911675938894357,0.025742681082254665,0.40756302924425847,0.4393718549910982,0.45650723281835,0.28173099096398674,0.4262899691923934
0.40128878776039206,0.6913053858378019,0.5385579140773663,0.6744620373316869,0.46308890802739244,0.4607594199727669,0.7304220616904954,0.6585484667018351,0.5332181393454499,0.48019150855826714,0.5335611070787479,0.5604199479778932,0.5433672373985707,0.5175007739507013,0.4757264640289692,0.0,0.5839314776487635,0.5130013049361231,0.5826222975314775,0.4471399466796545,0.43515960912315077,0.5720006213416208,0.5190814463001356,0.5295790200212555,0.37014744215182904,0.39291077172495076,0.41757646972803436,0.4574293446430293,0.557998808503154,0.4453682068684424,0.002581931533118587,0.3167723142609389,0.5399099362233817,0.5544743975624554,0.534046848856233,0.2470392906015154,0.4065341016842242,0.32803881041774696,0.33477704463957875,0.4255029703032123,0.3803160792646943,0.3987129273640385,0.3911690172625342,0.436923670784633,0.4184908216731663,0.34192195205286363,0.40493886359466247,0.4474773339592892,0.22954707279514294,0.2456734910880695,0.40201623546218307,0.5263351668585727,0.5601729749351393,0.5706289247108525,0.47458012449165865,0.47377374305574993,0.39599734451695595,0.4476420403717946,0.36604615357707804,0.35907122894951277,0.25154086190617975,0.3079743982478595,0.35466092006605854,0.4023703467761139,0.23492538397537072,0.3982959785037228,0.282162708229901,0.40085052032138024,0.3736463677332116,0.5073302353394409,0.4427533621241084,0.27307645004044084,0.43213868719565346,0.198044872446518,0.32268941715796234,0.318796388101176,0.37106182205289984,0.24360266338071163,-0.08715111713522482,0.013509865462975522,0.24393511881837976,0.172585927952974,0.18417226514078266,0.37242766759478807,0.3007291272071048,0.22427592639074773,0.3234118407171226,0.21392331631613642,0.2900385649947736,0.12005697124888917,0.14652515272760672,0.13321227584032536,0.25212280988807356,0.21028871271000063,0.16040309066980557,0.2259266029655951,0.19214436539806548,0.2594567067707154,0.2782924205388214,0.27974403858338487
0.27717114800377896,0.26262542304003994,0.28291291131059004,0.21290952840771585,0.16778112351237998,0.23364436801835314,0.456526675354828,0.36084150711502855,0.3865579081252985,0.33992744150508936,0.5331597444544648,0.7248644915506365,0.5629268116996916,0.5174531452361465,0.5975389864922983,0.5839314776487635,0.0,0.6717501844549252,0.7651240906800504,0.5947960200933506,0.6628850987258718,0.675181670902567,0.7166873742514207,0.6578526546525304,0.620689120857294,0.6916730045974523,0.697542184190524,0.7578706204353012,0.7000996178183438,0.6302829052706227,0.10223230313020189,0.29021533048273956,0.33652500309887323,0.7191228277244216,0.6464912925643496,0.5031466981365426,0.5584850404244243,0.14467532368290142,0.023184721878028856,0.1297663009217978,0.252352327527842,0.4286506401538851,0.38824215766365516,0.4011117958975391,0.5219913593114609,0.3104889562120553,0.2757117758685676,0.38934418365116186,0.22279778045174273,0.09583401523415508,-0.02352480969154405,0.12699021020644444,0.2726472781251736,0.15765505478206052,0.13652469093437888,0.24720673534253637,0.21342815391715442,0.27539819552499256,0.25996945482240363,0.46440978803549154,0.41832441471203347,0.2215046830056732,0.3672289659793942,0.20974091987145874,0.3820687118232159,0.47009877650320836,-0.004757552529662405,0.7435928186567609,0.6158188144475601,0.4466848960891856,0.5509807503380953,0.47632674586851004,0.6316524793097186,-0.07466813404906976,0.6661457850674145,0.6498834288110484,0.6879039285831251,0.49923810658697787,-0.052883459639922296,-0.0712538192648986,0.4148392807312425,0.07370683236899936,0.2822075218239622,0.39686427069095626,0.48634355809393676,0.07119186879705143,0.39400178046311135,0.39114978090101427,0.36543127342273907,0.02469021605518373,-0.26285284605068876,-0.07924827261621507,-0.07625493458514529,0.1918262625452654,0.06439516556570574,0.09924851258058663,0.08846998697423995,0.21209224385041384,0.28637452395479424,0.1089429728440877
0.21063354352721,0.38939234554244595,0.48758698779424237,0.43072235773285467,0.48962053438254033,0.5751620999051957,0.6000308472598535,0.7347084955999756,0.7355859168979595,0.20601091292811521,0.5471348594259142,0.5415912034243648,0.5814679306549151,0.6757054826838461,0.7150787917548478,0.5130013049361231,0.6717501844549252,0.0,0.7319065884287965,0.6993958895143696,0.7505692777692653,0.5816824277461573,0.6749938931907844,0.5124819258283999,0.39287044836876367,0.46152357011098527,0.6568088888468897,0.6220054857320653,0.7415536251257027,0.6118114811338698,0.15775199996523484,0.2251257911155367,0.17717735721860026,0.6842115310259576,0.5500625851000406,0.5612849352921542,0.5386694129083582,0.1595685924753031,0.11511734192326172,0.23043576221391848,0.4354693734049502,0.36707963546071437,0.34591411827094204,0.5000571524791032,0.5979278586738358,0.43163024898667834,0.38816869422484296,0.49576078214467334,0.46280241152124124,0.3837601696282792,0.22330903347536693,0.42488774260977497,0.4307566900823623,0.42362696711767,0.4476717786712814,0.541932935869088,0.6902252788809582,0.7190560266688941,0.3091502057283073,0.6194310165897224,0.44099612902793456,0.5461166965159394,0.6274039477826534,0.4977136647009182,0.6329442316110842,0.7589686067434976,0.413596589292605,0.7894390185732312,0.7502806011290296,0.8183579896293496,0.8027691056984007,0.5647413445412839,0.823896742455249,0.20175665333895518,0.5853050093977719,0.490611949887223,0.7275827991466302,0.6096434148945789,0.059844243721047415,0.09616090817688568,0.5400940334378584,0.43032523239273573,0.3881645325100224,0.5032750286041126,0.6217334743732366,0.3905349683772183,0.5108417330013957,0.4376655689262791,0.6244692002440778,0.38948960191174403,-0.02559845926850925,0.1531001800121268,0.17721653710334512,0.29173335976624454,0.16134655700799874,0.38605401928718847,0.37882396358914144,0.514051314991895,0.45718768418923267,0.4000443152535189
0.313506089663349,0.3759350188328472,0.45276963875777887,0.3749589383511624,0.40795018020220936,0.39801912067009126,0.634195134273517,0.5668903110925466,0.5242877473371003,0.38326254371343266,0.5952822989090879,0.6702576287328305,0.6242761671387747,0.7424347102801802,0.6382722828083035,0.5826222975314775,0.7651240906800504,0.7319065884287965,0.0,0.48970659192337235,0.6200517900691116,0.608747128398223,0.7202700493478292,0.6363749829745736,0.5361369026353751,0.5212061810325205,0.6533016208763291,0.6450673186970352,0.6915544672095935,0.6507735346062263,0.2740624003270853,0.38053136453540215,0.2738882755486998,0.5403087318189908,0.6033994698134227,0.4351218618501986,0.4855044685281119,0.3299846162929035,0.25681556142617895,0.33897633500966223,0.39927015084970024,0.516370648993647,0.5226572041106554,0.4128501538961689,0.5723267656256127,0.4616568092180384,0.43202031981749744,0.48169182316273357,0.24582046796333443,0.2758203678808125,0.08224601832509486,0.2751762282228109,0.2077312131046732,0.24991924430186532,0.38557050101796797,0.3959190426451706,0.4141385619445349,0.4816471235221159,0.37165597400592637,0.5700743568851845,0.40382974214998113,0.4444432357939385,0.5429747658161149,0.5175915990291271,0.5971366449797305,0.6381124804289069,0.24571282048888496,0.7426861647140764,0.5829164597959586,0.5171495816595517,0.600304811080992,0.4471002426378362,0.6953230267429278,0.1853763990482862,0.5033217534723831,0.5199072776283643,0.6229777656752843,0.5896534080648802,0.156164158197991,0.16389524796552557,0.37889320308868357,0.20377341050441802,0.3940551758573579,0.5261026020092698,0.5571852289032606,0.339223261077144,0.4275764005634,0.42182477987297046,0.4725279123029894,0.23590183849627616,-0.10066980199992029,0.1998289911371097,0.17229775873640887,0.3562468120831586,0.2941587430958122,0.34059734823751425,0.38617362386833687,0.4009155356252415,0.34486753171031276,0.26833350457165694
0.1965505029258916,0.32707900441772547,0.27327893926404573,0.297694330611167,0.31737347885237116,0.42614530955649077,0.424257594872502,0.48254487274553176,0.6074379371359184,0.18412200088292743,0.41134645007435766,0.4406718055200547,0.45689780335379526,0.4531515728971937,0.6291407992885819,0.4471399466796545,0.5947960200933506,0.6993958895143696,0.48970659192337235,0.0,0.6808453465805487,0.5796826474193766,0.5867037600898761,0.43136655384322053,0.28965403731304357,0.40659468108060803,0.6649463422695397,0.6206652402480964,0.7107543385881885,0.5651938720715826,-0.05092819328179422,0.12206722416203297,0.38382543777256917,0.7730858175640167,0.562963238503682,0.6954917605723046,0.6753655480977329,0.10663819896904916,0.11243883447426017,0.19051456612636083,0.5915202961732374,0.344212779455991,0.2550860726224106,0.5995956334868829,0.6650409585232614,0.41211656654039625,0.48507095159802655,0.5595793402789162,0.49116963516830725,0.604217400749603,0.15525876665499902,0.31997780910047324,0.4813474406497197,0.4349719747586222,0.2870379550608784,0.35613986072200493,0.4239459709659608,0.5262472617124929,0.215111067204777,0.42362497928483206,0.30523222500885633,0.3130365406014667,0.4036029301905661,0.21750294038686635,0.28468723660311057,0.539264562830149,0.4493959289053576,0.5324542335731929,0.6758274310040311,0.7078081706206425,0.7789637039010607,0.4624718439121999,0.6568651281401665,0.16070556238059583,0.5181742279738815,0.4010757422345382,0.7228810828635898,0.3858668822702304,-0.1747300383496383,-0.11536417968505486,0.5933501905886854,0.5604254416352239,0.33191182596219737,0.30761310124688096,0.6420488683326004,0.4257796514796704,0.5611922124071442,0.3907733050814706,0.7390089712806612,0.47045865103376266,-0.05437396445349789,0.03649982000068898,0.20200897949856017,0.11396774475614659,0.07688032536210827,0.3479339866098067,0.2561794327872001,0.5180813478932319,0.4077578381239754,0.5747327222989073
