0.000000000000000000e+00,6.520494401705612120e-01,3.955182072884855793e-01,3.165656476520752882e-01,1.350225335774199176e-01,-6.698748091253008130e-02,8.782125683780607484e-02,5.691132990961324245e-02,4.269631875414169886e-01,-1.155495124524456851e-01,4.331029992862119316e-01,1.245155278489011447e-01,2.861722634021827139e-01,4.022755859454931193e-01,3.857763084095024164e-02,5.077110713435634484e-03,4.730661976531991830e-01,5.446437338628092872e-01,9.574527382511430207e-02,4.796239381822179348e-01,2.929470128493189551e-01,3.090946204264602426e-01,-1.101893931338132349e-01,1.834204077884602768e-01,-2.167358104916124739e-01,6.757667464810460656e-01,6.876248437081328158e-01,3.078391468047188551e-01,3.489617886184325224e-01,2.893900090374789680e-01,4.152612268046932398e-01,4.778217928390375846e-01,5.554028618828882324e-01,2.144265692801799461e-01,6.460274623928637938e-01,5.548397807864280384e-01,7.457998933099032612e-01,6.943802096790014922e-01,6.438378805011583106e-01,6.520494401705612120e-01,0.000000000000000000e+00,5.512265048937041723e-01,9.017134355800068835e-02,1.343731715731346088e-01,1.670068283953743127e-01,2.035396015810218562e-01,-8.869515003647659990e-02,5.907022802638411951e-01,-7.905165508362883842e-02,4.555802078225807406e-01,1.752469276055637071e-01,3.596248601595136152e-01,4.434720900039716973e-01,1.021631314103823088e-02,-1.124002301908940543e-02,5.310712420730024919e-01,4.236097603634342290e-01,9.394384604889258195e-02,5.150382512050587502e-01,2.019776072321692595e-01,3.843659459005643875e-01,6.746849448000166727e-02,2.206800894996654716e-01,1.841622278941187560e-02,6.866942417688958189e-01,7.071648840435410532e-01,3.775737518405751780e-01,4.162785868880921614e-01,3.090963495128019600e-01,5.825709230525113469e-01,5.144347083758863404e-01,4.781349211876156913e-01,2.607432389815231843e-01,5.045774201863493236e-01,6.987019881591935988e-01,8.707957187095914930e-01,6.919898215154083321e-01,7.193305604577725498e-01,3.955182072884855793e-01,5.512265048937041723e-01,0.000000000000000000e+00,1.480266066558007243e-02,1.231140614240872760e-01,1.977341537185863529e-01,1.825169115247193552e-01,-1.898903827160603464e-01,4.880838909418508953e-01,-2.166503450376245088e-01,4.339165819100583854e-01,1.076304758157567987e-01,3.127200804416576108e-01,1.851756465125148354e-01,-1.028119433775460077e-02,-9.908619061660384197e-02,5.165608691035489253e-01,2.600763571278922326e-01,1.042696056778676800e-01,4.343136666949619085e-01,1.723468986605558306e-01,3.983584045803801321e-01,9.754135702678974618e-02,1.775480607278949741e-01,-2.627512398409568087e-02,4.791913111327261721e-01,5.051301864562782740e-01,3.006398416274512764e-01,2.578295597702136011e-01,2.665383169872407795e-02,4.695790539630142479e-01,2.554559825254344996e-01,2.508977384524636589e-01,2.388468147081923842e-01,4.296286035323526598e-01,4.971080471706067483e-01,5.001516210393817108e-01,5.287644487986783437e-01,4.171366175845047652e-01,3.165656476520752882e-01,9.017134355800068835e-02,1.480266066558007243e-02,0.000000000000000000e+00,2.135739158472189370e-01,2.224788762433446351e-02,2.555581302918680242e-01,1.832792097809902987e-02,9.077536754159383492e-02,1.497944483330343746e-01,2.581431257713554528e-01,1.669740759111759953e-01,2.208656750211176467e-01,3.353876614701939984e-01,1.604657280446927514e-01,2.466876315893775928e-01,1.187494251499681824e-01,4.442215613838827459e-01,3.223525989198686714e-01,1.413685018942574534e-01,1.908984659567506126e-01,9.455667867493611212e-02,3.276225834495086198e-02,3.382139338499478565e-01,-6.339706830476773795e-03,1.970132875783447146e-01,2.599556312340587927e-01,1.479851583005933335e-01,2.736798026031925235e-01,7.481517143279178828e-02,2.286655600329137450e-01,3.599491077570208808e-01,4.509018144142488138e-01,2.068295643659754934e-01,2.621222841909428558e-01,6.682286575109297466e-02,2.900988308199352050e-01,3.514634023323202072e-01,5.042210376562644703e-02,1.350225335774199176e-01,1.343731715731346088e-01,1.231140614240872760e-01,2.135739158472189370e-01,0.000000000000000000e+00,2.192614885940533109e-01,2.320838291096916084e-01,4.858086072398722782e-02,2.078145090873944334e-01,1.960009931071080014e-02,9.557790394608492446e-02,-9.009754891819524505e-03,1.180278609784083388e-01,1.399796061519850143e-01,5.554261861226707925e-02,9.217366882361444080e-02,6.895770130636623418e-02,1.735201445059279812e-01,2.034102130871618119e-01,2.201500563768915841e-01,1.489175547469095418e-01,1.821285817349917457e-01,1.888590975950960871e-01,1.602842917055183614e-01,6.339037159958980927e-02,4.698562486502880914e-02,7.667803486683946734e-02,1.311250100406028685e-01,1.042049455174060696e-01,6.366551465552275357e-02,1.438049491784537115e-01,2.238890241468566855e-01,1.965141964832189669e-01,1.946773209495610557e-01,1.100405019279035584e-01,5.284892961161784253e-02,9.370084865287842124e-02,-4.283085263269215126e-02,7.375163332926151782e-02,-6.698748091253008130e-02,1.670068283953743127e-01,1.977341537185863529e-01,2.224788762433446351e-02,2.192614885940533109e-01,0.000000000000000000e+00,2.853561302103908570e-01,-1.341405388632337381e-01,2.542679774627761846e-01,5.492846589735331242e-02,1.840333501220438317e-02,-5.909200505279737364e-02,1.217059426690732110e-01,8.598460070205964784e-03,-5.332061556110845313e-02,1.685936553425561035e-01,3.338370252640025446e-03,-4.653907929186015813e-02,2.038445164003725996e-01,9.787120771655762053e-02,5.258575003323719133e-02,1.817226684893480659e-01,4.155411806846445733e-01,2.524649554786012051e-01,3.642137599964715422e-01,4.316726450260494063e-02,6.703163158708350111e-02,1.520890018283216349e-01,9.404284893857040029e-02,4.504368230800804423e-02,2.084589915207563926e-01,6.909276064004817031e-02,7.017931174515629200e-02,1.672964241609839198e-01,4.925369513452460685e-02,7.517627798256099059e-02,3.963567937438904065e-02,2.531429359418964700e-02,2.925558640079398837e-02,8.782125683780607484e-02,2.035396015810218562e-01,1.825169115247193552e-01,2.555581302918680242e-01,2.320838291096916084e-01,2.853561302103908570e-01,0.000000000000000000e+00,-2.693948670161795955e-01,2.578423035013960862e-01,2.486968818450511765e-01,3.708453118674521765e-01,2.133664690534022579e-01,3.148660414899777660e-01,3.847762968247268184e-02,2.216933257501330634e-01,1.932313104944294868e-01,9.561165312050703968e-02,2.120344868952453721e-01,3.193156298936528636e-01,2.189429885342557627e-02,-5.885427109256562844e-02,6.620258325785212394e-02,1.294835755363384355e-01,1.986029101745266923e-01,2.067124664897818653e-01,8.841095831854065001e-02,1.979035845142791961e-01,2.026987348737221417e-01,1.375559280358654990e-01,-1.272253046380701635e-01,2.506512414065376060e-01,1.986862509869530002e-01,1.110153818092640132e-01,2.458560026772755036e-01,4.653362372315622553e-02,-5.904884447603328534e-04,1.074297825399000567e-01,1.964460780954943864e-01,5.559036069603577601e-02,5.691132990961324245e-02,-8.869515003647659990e-02,-1.898903827160603464e-01,1.832792097809902987e-02,4.858086072398722782e-02,-1.341405388632337381e-01,-2.693948670161795955e-01,0.000000000000000000e+00,-1.138484629922394270e-01,-7.514685936286671919e-02,-2.254282828430402841e-01,-1.676536422595306663e-01,-1.129825610815181902e-01,1.555161644189886339e-01,5.888025893038067310e-02,9.579089441596473631e-02,-3.352170632709196990e-02,9.533926063734034229e-02,-1.696198136124124345e-01,1.235334931602229541e-01,1.202578434876494934e-01,5.796867092720255077e-02,-3.652276675605510559e-02,-1.189182049318494305e-01,-1.472534903797508565e-01,-1.010758271953267756e-01,-6.815032748643734539e-02,-1.141086724543122766e-01,1.056736660945304246e-01,2.743083890975880346e-01,-1.804526349867274226e-01,2.605756060375763114e-02,1.302826492591402374e-01,-1.022084163145168118e-01,1.145613445562765481e-01,-2.112051723636456171e-02,-4.719666537272248358e-02,-2.343862071332278585e-01,-3.135465132403912614e-02,4.269631875414169886e-01,5.907022802638411951e-01,4.880838909418508953e-01,9.077536754159383492e-02,2.078145090873944334e-01,2.542679774627761846e-01,2.578423035013960862e-01,-1.138484629922394270e-01,0.000000000000000000e+00,-1.605096418044653639e-01,3.546429064393202824e-01,5.316542614621735940e-03,2.968339865794841770e-01,2.464305023328029753e-01,-1.082052026011474932e-01,-6.210262276264219160e-05,4.087636237126059391e-01,2.311480317347094915e-01,1.744024909863809980e-01,4.066799643986485080e-01,1.672829439711363553e-01,3.783717212653381901e-01,2.058881688963255518e-01,1.014814965135026753e-01,8.027371175864042585e-02,4.831432895304636488e-01,5.127713768714808884e-01,3.205637733547927470e-01,2.666780667312453890e-01,1.055577009584905690e-01,5.528411465740691311e-01,3.142081560017519481e-01,2.939112899768198117e-01,2.863666197074634101e-01,3.527050844427815357e-01,4.637310108435031553e-01,5.019595893458040914e-01,4.057419714659118437e-01,4.670214609712922127e-01,-1.155495124524456851e-01,-7.905165508362883842e-02,-2.166503450376245088e-01,1.497944483330343746e-01,1.960009931071080014e-02,5.492846589735331242e-02,2.486968818450511765e-01,-7.514685936286671919e-02,-1.605096418044653639e-01,0.000000000000000000e+00,1.792161430507428765e-01,5.406754790411636424e-01,1.320166057480657851e-01,1.361414991868782898e-01,4.544925137337080812e-01,3.112755226496870531e-01,2.453154176145282139e-02,8.311125338371871951e-02,1.683277245634311470e-01,-1.898752243019705410e-01,3.081491984559639810e-02,-2.152948114368500865e-01,-8.346506657634890358e-02,1.795102274032675249e-01,1.375034474760602199e-01,-1.141680893581049627e-01,-1.099816811900090618e-01,-7.240693445123607330e-04,9.866680830318805273e-02,5.314636581845210567e-02,-1.347332525022562899e-01,1.398930814589464389e-01,1.385079974906888722e-01,1.178122696020625498e-01,-4.562755974992471070e-02,-1.394958789915660691e-01,-3.733738498179017817e-02,9.224450474033879521e-02,-9.359883019315501373e-02,4.331029992862119316e-01,4.555802078225807406e-01,4.339165819100583854e-01,2.581431257713554528e-01,9.557790394608492446e-02,1.840333501220438317e-02,3.708453118674521765e-01,-2.254282828430402841e-01,3.546429064393202824e-01,1.792161430507428765e-01,0.000000000000000000e+00,5.669983103965983151e-01,4.252675839377036415e-01,3.184944647958181108e-01,3.129120619925329638e-01,-3.008652499061383739e-02,6.919340765470725074e-01,4.893969593582117028e-01,2.753438390945074921e-01,3.089203061756081170e-01,1.330670352961541569e-01,2.011565056825715958e-01,-1.936589521544239689e-01,5.994650434366432384e-02,-1.909684542238406779e-01,3.981080876996424545e-01,4.835414931328160248e-01,2.732720127519669973e-01,3.154998114616194282e-01,-9.589359209693132380e-02,4.439343726183171412e-01,4.114120994198519066e-01,3.998392454836396936e-01,3.458717423930228740e-01,3.056942278803150836e-01,3.911136883725410129e-01,5.352419616453533147e-01,6.655733287375242835e-01,3.466842355408111254e-01,1.245155278489011447e-01,1.752469276055637071e-01,1.076304758157567987e-01,1.669740759111759953e-01,-9.009754891819524505e-03,-5.909200505279737364e-02,2.133664690534022579e-01,-1.676536422595306663e-01,5.316542614621735940e-03,5.406754790411636424e-01,5.669983103965983151e-01,0.000000000000000000e+00,3.219386897832006156e-01,3.463930506580399360e-01,5.559542654714207943e-01,1.231272380228739249e-01,4.355987384975963939e-01,2.273272753643546529e-01,1.391278891102885884e-01,-9.109229003311479500e-03,3.202557454455078056e-02,-1.582982933979693863e-01,-3.232600712878526128e-01,2.133938383965740260e-01,-1.138039779577460914e-01,1.534681369502085280e-01,1.119743788405054424e-01,4.001121069140157332e-02,2.407269202666345309e-01,-2.021839807213470508e-01,8.762545191502565944e-02,2.828147875890971163e-01,1.967414231290845750e-01,2.114296607835419450e-01,3.017298627859579807e-01,3.227079277736097929e-01,4.288942244705061246e-01,5.537389100825026444e-01,7.312023726229445464e-02,2.861722634021827139e-01,3.596248601595136152e-01,3.127200804416576108e-01,2.208656750211176467e-01,1.180278609784083388e-01,1.217059426690732110e-01,3.148660414899777660e-01,-1.129825610815181902e-01,2.968339865794841770e-01,1.320166057480657851e-01,4.252675839377036415e-01,3.219386897832006156e-01,0.000000000000000000e+00,1.774636382950868230e-01,2.121896446078152809e-01,8.209811468838966453e-02,3.846449412541242396e-01,2.612563002305230420e-01,1.898773897766422303e-01,2.325361298228198759e-01,1.196107419068035971e-01,1.606956175952996002e-01,-2.562771787374312077e-02,7.531781762726144636e-02,-6.461076986550008672e-02,2.851849678727266246e-01,3.800285089615602629e-01,2.564036341074916181e-01,2.817695724166582871e-01,6.151338104193095763e-02,3.977382829436509337e-01,3.100856549652049043e-01,2.396814723096275246e-01,2.517408168284701042e-01,2.207510406058972308e-01,2.354217631538763345e-01,3.606981474587210301e-01,4.077469020614630790e-01,1.917868030995904804e-01,4.022755859454931193e-01,4.434720900039716973e-01,1.851756465125148354e-01,3.353876614701939984e-01,1.399796061519850143e-01,8.598460070205964784e-03,3.847762968247268184e-02,1.555161644189886339e-01,2.464305023328029753e-01,1.361414991868782898e-01,3.184944647958181108e-01,3.463930506580399360e-01,1.774636382950868230e-01,0.000000000000000000e+00,1.875502739146422959e-01,1.563106726389755230e-01,4.281645407906784495e-01,4.297503597776265449e-01,8.541652622842092757e-02,3.566355989969879348e-01,2.588230521596300848e-01,2.246151099606266965e-01,2.202054492756884418e-02,3.374987619695616892e-01,3.249666084117120400e-03,3.406835385593863230e-01,3.361114282779747997e-01,1.240070119063922671e-01,4.027361026341266248e-01,2.414291635111501522e-01,2.234902107380123126e-01,3.981819692384149789e-01,5.737932676617714112e-01,2.080555942041953932e-01,5.500642294423896406e-01,4.910791202447117865e-01,6.294720545399442591e-01,4.790895352273057961e-01,3.613008359389187074e-01,3.857763084095024164e-02,1.021631314103823088e-02,-1.028119433775460077e-02,1.604657280446927514e-01,5.554261861226707925e-02,-5.332061556110845313e-02,2.216933257501330634e-01,5.888025893038067310e-02,-1.082052026011474932e-01,4.544925137337080812e-01,3.129120619925329638e-01,5.559542654714207943e-01,2.121896446078152809e-01,1.875502739146422959e-01,0.000000000000000000e+00,2.533744949694206050e-01,3.105634268344191207e-01,1.972613452534339451e-01,1.204395175945265940e-02,4.026925367443279918e-02,1.278909348251640044e-01,-7.078644553514293336e-02,-2.156621038812739088e-01,1.215163436990290002e-01,-1.147717366454498594e-01,-3.322574807770182354e-02,5.638828643657723544e-02,2.990975033643781048e-02,1.790648561299840458e-01,5.090702996605014907e-02,-1.061970404869152090e-01,1.634370266988555975e-01,2.413405963715373748e-01,1.470732581583056309e-01,1.180234770617753365e-01,-2.719879761372635471e-02,8.302571988865654895e-02,2.120961952076077517e-01,-2.734949438331102725e-02,5.077110713435634484e-03,-1.124002301908940543e-02,-9.908619061660384197e-02,2.466876315893775928e-01,9.217366882361444080e-02,1.685936553425561035e-01,1.932313104944294868e-01,9.579089441596473631e-02,-6.210262276264219160e-05,3.112755226496870531e-01,-3.008652499061383739e-02,1.231272380228739249e-01,8.209811468838966453e-02,1.563106726389755230e-01,2.533744949694206050e-01,0.000000000000000000e+00,-7.672740750958099987e-02,1.085487344408083143e-01,1.392631834883180098e-01,-1.313104455561452978e-03,1.323101191997539949e-01,2.020140020914857129e-02,1.894304402170781387e-01,3.147080049749559350e-01,2.204057408984372857e-01,1.027330350721491689e-02,4.965242740752315309e-02,5.761453394999086625e-02,1.802029165048159853e-01,2.135754605879440771e-01,-3.276558419287096263e-02,1.237039130890844191e-01,2.781950691580445945e-01,1.197828889833301991e-01,9.363676958505251502e-02,-6.705793444385145519e-02,-8.468460857280764309e-03,3.506673408461172259e-02,-3.749486662124968533e-02,4.730661976531991830e-01,5.310712420730024919e-01,5.165608691035489253e-01,1.187494251499681824e-01,6.895770130636623418e-02,3.338370252640025446e-03,9.561165312050703968e-02,-3.352170632709196990e-02,4.087636237126059391e-01,2.453154176145282139e-02,6.919340765470725074e-01,4.355987384975963939e-01,3.846449412541242396e-01,4.281645407906784495e-01,3.105634268344191207e-01,-7.672740750958099987e-02,0.000000000000000000e+00,3.644915544400072482e-01,5.346565307471631140e-02,5.063389861871079312e-01,2.913087934465103945e-01,3.093930503516220121e-01,-1.647830607554023330e-01,-3.689197321934641755e-02,-2.725585239572608787e-01,4.079668224048600966e-01,5.283860143277224752e-01,2.750678557025636461e-01,3.597147767472679281e-01,8.122597688986407660e-02,4.587045574440526963e-01,3.422383295786480817e-01,4.556415760097574097e-01,3.060363218702249477e-01,4.858253189734644817e-01,5.127151665842772932e-01,5.910425544950539400e-01,6.695389415646118003e-01,3.937579013308862286e-01,5.446437338628092872e-01,4.236097603634342290e-01,2.600763571278922326e-01,4.442215613838827459e-01,1.735201445059279812e-01,-4.653907929186015813e-02,2.120344868952453721e-01,9.533926063734034229e-02,2.311480317347094915e-01,8.311125338371871951e-02,4.893969593582117028e-01,2.273272753643546529e-01,2.612563002305230420e-01,4.297503597776265449e-01,1.972613452534339451e-01,1.085487344408083143e-01,3.644915544400072482e-01,0.000000000000000000e+00,3.076109851592750410e-01,3.482234010637135779e-01,2.019667335279443365e-01,2.701573459025201629e-01,-1.042821847608149527e-01,2.331538477078990146e-01,-1.550629663175800421e-01,3.931298642899976326e-01,4.491743337662509883e-01,1.916962793228328410e-01,4.166368723861385570e-01,2.343332324601748173e-01,2.588305261623229936e-01,5.129205091496017443e-01,5.707691034867616864e-01,2.331344290775831385e-01,4.002327674587087825e-01,3.412645068196492049e-01,5.270319771203826331e-01,5.010113244622558248e-01,3.547499626627812486e-01,9.574527382511430207e-02,9.394384604889258195e-02,1.042696056778676800e-01,3.223525989198686714e-01,2.034102130871618119e-01,2.038445164003725996e-01,3.193156298936528636e-01,-1.696198136124124345e-01,1.744024909863809980e-01,1.683277245634311470e-01,2.753438390945074921e-01,1.391278891102885884e-01,1.898773897766422303e-01,8.541652622842092757e-02,1.204395175945265940e-02,1.392631834883180098e-01,5.346565307471631140e-02,3.076109851592750410e-01,0.000000000000000000e+00,4.230103253614526243e-02,5.845678069149685269e-02,1.090407778584693010e-01,1.464121863850698091e-01,1.849242560138002478e-01,1.297548913657277370e-01,9.727129292578312603e-02,1.057722703475402620e-01,1.305865361621083298e-01,1.504554773437019044e-01,-7.519223227210190125e-03,1.970110271249838063e-01,2.525669465753130338e-01,2.260440703093257175e-01,2.468243612421277544e-01,1.150162279262808077e-02,3.445635232324514852e-02,7.987956328123675676e-02,1.533670764952108911e-01,4.016265817545643796e-03,4.796239381822179348e-01,5.150382512050587502e-01,4.343136666949619085e-01,1.413685018942574534e-01,2.201500563768915841e-01,9.787120771655762053e-02,2.189429885342557627e-02,1.235334931602229541e-01,4.066799643986485080e-01,-1.898752243019705410e-01,3.089203061756081170e-01,-9.109229003311479500e-03,2.325361298228198759e-01,3.566355989969879348e-01,4.026925367443279918e-02,-1.313104455561452978e-03,5.063389861871079312e-01,3.482234010637135779e-01,4.230103253614526243e-02,0.000000000000000000e+00,3.055185520011184930e-01,4.178686864018765212e-01,8.803688899819259173e-02,8.894824679174219428e-02,-1.443459635566566868e-01,4.146289571363554471e-01,4.805983824485719480e-01,2.684240194588621842e-01,3.245574218619409201e-01,2.746608740421245254e-01,3.855517110513904666e-01,3.680315030329505133e-01,4.330763728864918116e-01,2.294870786251192174e-01,3.917620242768004579e-01,4.348356799400875938e-01,5.198184579138265260e-01,3.786782322302719161e-01,4.406898786892742836e-01,2.929470128493189551e-01,2.019776072321692595e-01,1.723468986605558306e-01,1.908984659567506126e-01,1.489175547469095418e-01,5.258575003323719133e-02,-5.885427109256562844e-02,1.202578434876494934e-01,1.672829439711363553e-01,3.081491984559639810e-02,1.330670352961541569e-01,3.202557454455078056e-02,1.196107419068035971e-01,2.588230521596300848e-01,1.278909348251640044e-01,1.323101191997539949e-01,2.913087934465103945e-01,2.019667335279443365e-01,5.845678069149685269e-02,3.055185520011184930e-01,0.000000000000000000e+00,2.343872121591444035e-01,7.619172317905265057e-02,1.148239792256057767e-01,-7.711157924453859724e-02,2.754153820617871173e-01,2.732115314810367734e-01,1.615941195189999069e-01,1.556757185049329750e-01,2.356947189364146100e-01,1.649936972658646028e-01,2.029171016161785690e-01,3.894908282263984112e-01,1.808359447895905858e-01,3.077845379982641072e-01,1.957759054990996506e-01,2.431341236395795358e-01,2.517219919939973072e-01,2.267094623984902690e-01,3.090946204264602426e-01,3.843659459005643875e-01,3.983584045803801321e-01,9.455667867493611212e-02,1.821285817349917457e-01,1.817226684893480659e-01,6.620258325785212394e-02,5.796867092720255077e-02,3.783717212653381901e-01,-2.152948114368500865e-01,2.011565056825715958e-01,-1.582982933979693863e-01,1.606956175952996002e-01,2.246151099606266965e-01,-7.078644553514293336e-02,2.020140020914857129e-02,3.093930503516220121e-01,2.701573459025201629e-01,1.090407778584693010e-01,4.178686864018765212e-01,2.343872121591444035e-01,0.000000000000000000e+00,2.227001410395101355e-01,1.075013872973706180e-01,9.751750620901935770e-03,3.458469196400090762e-01,3.785185910926316399e-01,2.242650307590532410e-01,2.377295905667430043e-01,2.185555349436691108e-01,3.309552381978428937e-01,2.401582089499317008e-01,3.358085551886585418e-01,2.116226865399663815e-01,2.964330433121907804e-01,3.390281521867257175e-01,3.291799785951881607e-01,2.500710264625076729e-01,3.406785228170016167e-01,-1.101893931338132349e-01,6.746849448000166727e-02,9.754135702678974618e-02,3.276225834495086198e-02,1.888590975950960871e-01,4.155411806846445733e-01,1.294835755363384355e-01,-3.652276675605510559e-02,2.058881688963255518e-01,-8.346506657634890358e-02,-1.936589521544239689e-01,-3.232600712878526128e-01,-2.562771787374312077e-02,2.202054492756884418e-02,-2.156621038812739088e-01,1.894304402170781387e-01,-1.647830607554023330e-01,-1.042821847608149527e-01,1.464121863850698091e-01,8.803688899819259173e-02,7.619172317905265057e-02,2.227001410395101355e-01,0.000000000000000000e+00,3.208782949983565724e-01,4.639957066839149880e-01,1.782098150045553775e-02,4.788579730736163801e-04,9.669492644251760638e-02,5.262734660919420743e-02,1.305394553082635523e-01,1.362806291237295131e-01,-3.421541375769486526e-02,9.646718063343924510e-02,1.096586626680126075e-01,2.941907499645263213e-02,1.702310279791534667e-02,-5.075441535379326269e-02,-1.076895307268955215e-01,1.178271150931700303e-02,1.834204077884602768e-01,2.206800894996654716e-01,1.775480607278949741e-01,3.382139338499478565e-01,1.602842917055183614e-01,2.524649554786012051e-01,1.986029101745266923e-01,-1.189182049318494305e-01,1.014814965135026753e-01,1.795102274032675249e-01,5.994650434366432384e-02,2.133938383965740260e-01,7.531781762726144636e-02,3.374987619695616892e-01,1.215163436990290002e-01,3.147080049749559350e-01,-3.689197321934641755e-02,2.331538477078990146e-01,1.849242560138002478e-01,8.894824679174219428e-02,1.148239792256057767e-01,1.075013872973706180e-01,3.208782949983565724e-01,0.000000000000000000e+00,4.235276828104325708e-01,1.896350203908735432e-01,1.263726613651574293e-01,7.133144042199068835e-02,2.302741073175428310e-01,1.466649228039595410e-01,3.796233211746609382e-03,2.103848766867451037e-01,3.851635260568370134e-01,1.090331864789783750e-01,3.902805467192080324e-01,1.561524395776769658e-01,3.034646611554028817e-01,3.277207969091474604e-01,1.325698390731681608e-01,-2.167358104916124739e-01,1.841622278941187560e-02,-2.627512398409568087e-02,-6.339706830476773795e-03,6.339037159958980927e-02,3.642137599964715422e-01,2.067124664897818653e-01,-1.472534903797508565e-01,8.027371175864042585e-02,1.375034474760602199e-01,-1.909684542238406779e-01,-1.138039779577460914e-01,-6.461076986550008672e-02,3.249666084117120400e-03,-1.147717366454498594e-01,2.204057408984372857e-01,-2.725585239572608787e-01,-1.550629663175800421e-01,1.297548913657277370e-01,-1.443459635566566868e-01,-7.711157924453859724e-02,9.751750620901935770e-03,4.639957066839149880e-01,4.235276828104325708e-01,0.000000000000000000e+00,-6.995881846667492687e-02,-1.178372531507006493e-01,1.908611156756544885e-02,8.525240240001827341e-03,2.284774027758288903e-02,7.384043105036857541e-03,-9.742284411715937398e-02,-4.766883675013123926e-03,2.666060272078475679e-02,-1.519918300764907561e-02,-4.593220102015094924e-02,-1.029106629615898633e-01,-7.183517223956228936e-02,-5.880292344245478808e-02,6.757667464810460656e-01,6.866942417688958189e-01,4.791913111327261721e-01,1.970132875783447146e-01,4.698562486502880914e-02,4.316726450260494063e-02,8.841095831854065001e-02,-1.010758271953267756e-01,4.831432895304636488e-01,-1.141680893581049627e-01,3.981080876996424545e-01,1.534681369502085280e-01,2.851849678727266246e-01,3.406835385593863230e-01,-3.322574807770182354e-02,1.027330350721491689e-02,4.079668224048600966e-01,3.931298642899976326e-01,9.727129292578312603e-02,4.146289571363554471e-01,2.754153820617871173e-01,3.458469196400090762e-01,1.782098150045553775e-02,1.896350203908735432e-01,-6.995881846667492687e-02,0.000000000000000000e+00,7.106141913942100041e-01,3.321219792468392829e-01,2.888683211581482002e-01,2.216405060346229028e-01,5.053207697244495034e-01,4.014134956680631694e-01,4.571275118870838927e-01,2.341852074484853941e-01,5.606684773854004877e-01,6.406395912314960528e-01,7.525529500886450895e-01,7.447696205806164649e-01,6.873695713887725267e-01,6.876248437081328158e-01,7.071648840435410532e-01,5.051301864562782740e-01,2.599556312340587927e-01,7.667803486683946734e-02,6.703163158708350111e-02,1.979035845142791961e-01,-6.815032748643734539e-02,5.127713768714808884e-01,-1.099816811900090618e-01,4.835414931328160248e-01,1.119743788405054424e-01,3.800285089615602629e-01,3.361114282779747997e-01,5.638828643657723544e-02,4.965242740752315309e-02,5.283860143277224752e-01,4.491743337662509883e-01,1.057722703475402620e-01,4.805983824485719480e-01,2.732115314810367734e-01,3.785185910926316399e-01,4.788579730736163801e-04,1.263726613651574293e-01,-1.178372531507006493e-01,7.106141913942100041e-01,0.000000000000000000e+00,3.882046676386698980e-01,3.731712840408245024e-01,2.516831123777265034e-01,5.992111606017249681e-01,4.461206071243822846e-01,4.988745594294617947e-01,2.643013306428809162e-01,5.176743065844479075e-01,5.595885878677473446e-01,7.545190905227779909e-01,7.583959454211823825e-01,6.408781192582078123e-01,3.078391468047188551e-01,3.775737518405751780e-01,3.006398416274512764e-01,1.479851583005933335e-01,1.311250100406028685e-01,1.520890018283216349e-01,2.026987348737221417e-01,-1.141086724543122766e-01,3.205637733547927470e-01,-7.240693445123607330e-04,2.732720127519669973e-01,4.001121069140157332e-02,2.564036341074916181e-01,1.240070119063922671e-01,2.990975033643781048e-02,5.761453394999086625e-02,2.750678557025636461e-01,1.916962793228328410e-01,1.305865361621083298e-01,2.684240194588621842e-01,1.615941195189999069e-01,2.242650307590532410e-01,9.669492644251760638e-02,7.133144042199068835e-02,1.908611156756544885e-02,3.321219792468392829e-01,3.882046676386698980e-01,0.000000000000000000e+00,1.870743471293043192e-01,1.260750732460559353e-01,3.914374667389048934e-01,2.605257687913162812e-01,2.578831640826226845e-01,2.208249466932273586e-01,2.050818046164539221e-01,2.531552253521905382e-01,3.187368979320461260e-01,3.279783918765483697e-01,2.963192084013757110e-01,3.489617886184325224e-01,4.162785868880921614e-01,2.578295597702136011e-01,2.736798026031925235e-01,1.042049455174060696e-01,9.404284893857040029e-02,1.375559280358654990e-01,1.056736660945304246e-01,2.666780667312453890e-01,9.866680830318805273e-02,3.154998114616194282e-01,2.407269202666345309e-01,2.817695724166582871e-01,4.027361026341266248e-01,1.790648561299840458e-01,1.802029165048159853e-01,3.597147767472679281e-01,4.166368723861385570e-01,1.504554773437019044e-01,3.245574218619409201e-01,1.556757185049329750e-01,2.377295905667430043e-01,5.262734660919420743e-02,2.302741073175428310e-01,8.525240240001827341e-03,2.888683211581482002e-01,3.731712840408245024e-01,1.870743471293043192e-01,0.000000000000000000e+00,2.781259900387616502e-01,3.176616083427036275e-01,4.525778386264444064e-01,4.235019371803616650e-01,2.018191405300963082e-01,3.331052140414572094e-01,3.593350533372715039e-01,5.354227730943990071e-01,4.352795106511226919e-01,2.918993657198439284e-01,2.893900090374789680e-01,3.090963495128019600e-01,2.665383169872407795e-02,7.481517143279178828e-02,6.366551465552275357e-02,4.504368230800804423e-02,-1.272253046380701635e-01,2.743083890975880346e-01,1.055577009584905690e-01,5.314636581845210567e-02,-9.589359209693132380e-02,-2.021839807213470508e-01,6.151338104193095763e-02,2.414291635111501522e-01,5.090702996605014907e-02,2.135754605879440771e-01,8.122597688986407660e-02,2.343332324601748173e-01,-7.519223227210190125e-03,2.746608740421245254e-01,2.356947189364146100e-01,2.185555349436691108e-01,1.305394553082635523e-01,1.466649228039595410e-01,2.284774027758288903e-02,2.216405060346229028e-01,2.516831123777265034e-01,1.260750732460559353e-01,2.781259900387616502e-01,0.000000000000000000e+00,1.007130516152486381e-03,2.952038536318554729e-01,4.107094383889733913e-01,7.070020426906546696e-02,2.231483816789061880e-01,1.906364985156796810e-01,2.413031474078958516e-01,9.381780989464785780e-02,3.281962912735741922e-01,4.152612268046932398e-01,5.825709230525113469e-01,4.695790539630142479e-01,2.286655600329137450e-01,1.438049491784537115e-01,2.084589915207563926e-01,2.506512414065376060e-01,-1.804526349867274226e-01,5.528411465740691311e-01,-1.347332525022562899e-01,4.439343726183171412e-01,8.762545191502565944e-02,3.977382829436509337e-01,2.234902107380123126e-01,-1.061970404869152090e-01,-3.276558419287096263e-02,4.587045574440526963e-01,2.588305261623229936e-01,1.970110271249838063e-01,3.855517110513904666e-01,1.649936972658646028e-01,3.309552381978428937e-01,1.362806291237295131e-01,3.796233211746609382e-03,7.384043105036857541e-03,5.053207697244495034e-01,5.992111606017249681e-01,3.914374667389048934e-01,3.176616083427036275e-01,1.007130516152486381e-03,0.000000000000000000e+00,3.745475868230396799e-01,2.917865142328353589e-01,2.913665591151218259e-01,2.395955224780205450e-01,4.258513557807782623e-01,6.311842940053752349e-01,5.545525847686704202e-01,4.183051374712563053e-01,4.778217928390375846e-01,5.144347083758863404e-01,2.554559825254344996e-01,3.599491077570208808e-01,2.238890241468566855e-01,6.909276064004817031e-02,1.986862509869530002e-01,2.605756060375763114e-02,3.142081560017519481e-01,1.398930814589464389e-01,4.114120994198519066e-01,2.828147875890971163e-01,3.100856549652049043e-01,3.981819692384149789e-01,1.634370266988555975e-01,1.237039130890844191e-01,3.422383295786480817e-01,5.129205091496017443e-01,2.525669465753130338e-01,3.680315030329505133e-01,2.029171016161785690e-01,2.401582089499317008e-01,-3.421541375769486526e-02,2.103848766867451037e-01,-9.742284411715937398e-02,4.014134956680631694e-01,4.461206071243822846e-01,2.605257687913162812e-01,4.525778386264444064e-01,2.952038536318554729e-01,3.745475868230396799e-01,0.000000000000000000e+00,4.900989378570676513e-01,2.726008373474265167e-01,2.472737894858397789e-01,3.721377768566431210e-01,6.308944533845979308e-01,4.417003353458637815e-01,4.266312538289900869e-01,5.554028618828882324e-01,4.781349211876156913e-01,2.508977384524636589e-01,4.509018144142488138e-01,1.965141964832189669e-01,7.017931174515629200e-02,1.110153818092640132e-01,1.302826492591402374e-01,2.939112899768198117e-01,1.385079974906888722e-01,3.998392454836396936e-01,1.967414231290845750e-01,2.396814723096275246e-01,5.737932676617714112e-01,2.413405963715373748e-01,2.781950691580445945e-01,4.556415760097574097e-01,5.707691034867616864e-01,2.260440703093257175e-01,4.330763728864918116e-01,3.894908282263984112e-01,3.358085551886585418e-01,9.646718063343924510e-02,3.851635260568370134e-01,-4.766883675013123926e-03,4.571275118870838927e-01,4.988745594294617947e-01,2.578831640826226845e-01,4.235019371803616650e-01,4.107094383889733913e-01,2.917865142328353589e-01,4.900989378570676513e-01,0.000000000000000000e+00,3.200731692037520060e-01,5.059220218179870665e-01,4.262816453571437458e-01,5.865519786719493034e-01,5.519565972745441584e-01,4.419361067676712551e-01,2.144265692801799461e-01,2.607432389815231843e-01,2.388468147081923842e-01,2.068295643659754934e-01,1.946773209495610557e-01,1.672964241609839198e-01,2.458560026772755036e-01,-1.022084163145168118e-01,2.863666197074634101e-01,1.178122696020625498e-01,3.458717423930228740e-01,2.114296607835419450e-01,2.517408168284701042e-01,2.080555942041953932e-01,1.470732581583056309e-01,1.197828889833301991e-01,3.060363218702249477e-01,2.331344290775831385e-01,2.468243612421277544e-01,2.294870786251192174e-01,1.808359447895905858e-01,2.116226865399663815e-01,1.096586626680126075e-01,1.090331864789783750e-01,2.666060272078475679e-02,2.341852074484853941e-01,2.643013306428809162e-01,2.208249466932273586e-01,2.018191405300963082e-01,7.070020426906546696e-02,2.913665591151218259e-01,2.726008373474265167e-01,3.200731692037520060e-01,0.000000000000000000e+00,1.765473358775913881e-01,2.257629272973457335e-01,2.455677148547576460e-01,2.741608080624894916e-01,1.955289568513843279e-01,6.460274623928637938e-01,5.045774201863493236e-01,4.296286035323526598e-01,2.621222841909428558e-01,1.100405019279035584e-01,4.925369513452460685e-02,4.653362372315622553e-02,1.145613445562765481e-01,3.527050844427815357e-01,-4.562755974992471070e-02,3.056942278803150836e-01,3.017298627859579807e-01,2.207510406058972308e-01,5.500642294423896406e-01,1.180234770617753365e-01,9.363676958505251502e-02,4.858253189734644817e-01,4.002327674587087825e-01,1.150162279262808077e-02,3.917620242768004579e-01,3.077845379982641072e-01,2.964330433121907804e-01,2.941907499645263213e-02,3.902805467192080324e-01,-1.519918300764907561e-02,5.606684773854004877e-01,5.176743065844479075e-01,2.050818046164539221e-01,3.331052140414572094e-01,2.231483816789061880e-01,2.395955224780205450e-01,2.472737894858397789e-01,5.059220218179870665e-01,1.765473358775913881e-01,0.000000000000000000e+00,7.080051919823372453e-01,6.748420542412865153e-01,7.388287842634788660e-01,4.604868197103336169e-01,5.548397807864280384e-01,6.987019881591935988e-01,4.971080471706067483e-01,6.682286575109297466e-02,5.284892961161784253e-02,7.517627798256099059e-02,-5.904884447603328534e-04,-2.112051723636456171e-02,4.637310108435031553e-01,-1.394958789915660691e-01,3.911136883725410129e-01,3.227079277736097929e-01,2.354217631538763345e-01,4.910791202447117865e-01,-2.719879761372635471e-02,-6.705793444385145519e-02,5.127151665842772932e-01,3.412645068196492049e-01,3.445635232324514852e-02,4.348356799400875938e-01,1.957759054990996506e-01,3.390281521867257175e-01,1.702310279791534667e-02,1.561524395776769658e-01,-4.593220102015094924e-02,6.406395912314960528e-01,5.595885878677473446e-01,2.531552253521905382e-01,3.593350533372715039e-01,1.906364985156796810e-01,4.258513557807782623e-01,3.721377768566431210e-01,4.262816453571437458e-01,2.257629272973457335e-01,7.080051919823372453e-01,0.000000000000000000e+00,8.203207319682870313e-01,7.155353753827803365e-01,6.080083974705499106e-01,7.457998933099032612e-01,8.707957187095914930e-01,5.001516210393817108e-01,2.900988308199352050e-01,9.370084865287842124e-02,3.963567937438904065e-02,1.074297825399000567e-01,-4.719666537272248358e-02,5.019595893458040914e-01,-3.733738498179017817e-02,5.352419616453533147e-01,4.288942244705061246e-01,3.606981474587210301e-01,6.294720545399442591e-01,8.302571988865654895e-02,-8.468460857280764309e-03,5.910425544950539400e-01,5.270319771203826331e-01,7.987956328123675676e-02,5.198184579138265260e-01,2.431341236395795358e-01,3.291799785951881607e-01,-5.075441535379326269e-02,3.034646611554028817e-01,-1.029106629615898633e-01,7.525529500886450895e-01,7.545190905227779909e-01,3.187368979320461260e-01,5.354227730943990071e-01,2.413031474078958516e-01,6.311842940053752349e-01,6.308944533845979308e-01,5.865519786719493034e-01,2.455677148547576460e-01,6.748420542412865153e-01,8.203207319682870313e-01,0.000000000000000000e+00,9.470586635144980781e-01,7.386625589798138103e-01,6.943802096790014922e-01,6.919898215154083321e-01,5.287644487986783437e-01,3.514634023323202072e-01,-4.283085263269215126e-02,2.531429359418964700e-02,1.964460780954943864e-01,-2.343862071332278585e-01,4.057419714659118437e-01,9.224450474033879521e-02,6.655733287375242835e-01,5.537389100825026444e-01,4.077469020614630790e-01,4.790895352273057961e-01,2.120961952076077517e-01,3.506673408461172259e-02,6.695389415646118003e-01,5.010113244622558248e-01,1.533670764952108911e-01,3.786782322302719161e-01,2.517219919939973072e-01,2.500710264625076729e-01,-1.076895307268955215e-01,3.277207969091474604e-01,-7.183517223956228936e-02,7.447696205806164649e-01,7.583959454211823825e-01,3.279783918765483697e-01,4.352795106511226919e-01,9.381780989464785780e-02,5.545525847686704202e-01,4.417003353458637815e-01,5.519565972745441584e-01,2.741608080624894916e-01,7.388287842634788660e-01,7.155353753827803365e-01,9.470586635144980781e-01,0.000000000000000000e+00,6.104644142132577000e-01,6.438378805011583106e-01,7.193305604577725498e-01,4.171366175845047652e-01,5.042210376562644703e-02,7.375163332926151782e-02,2.925558640079398837e-02,5.559036069603577601e-02,-3.135465132403912614e-02,4.670214609712922127e-01,-9.359883019315501373e-02,3.466842355408111254e-01,7.312023726229445464e-02,1.917868030995904804e-01,3.613008359389187074e-01,-2.734949438331102725e-02,-3.749486662124968533e-02,3.937579013308862286e-01,3.547499626627812486e-01,4.016265817545643796e-03,4.406898786892742836e-01,2.267094623984902690e-01,3.406785228170016167e-01,1.178271150931700303e-02,1.325698390731681608e-01,-5.880292344245478808e-02,6.873695713887725267e-01,6.408781192582078123e-01,2.963192084013757110e-01,2.918993657198439284e-01,3.281962912735741922e-01,4.183051374712563053e-01,4.266312538289900869e-01,4.419361067676712551e-01,1.955289568513843279e-01,4.604868197103336169e-01,6.080083974705499106e-01,7.386625589798138103e-01,6.104644142132577000e-01,0.000000000000000000e+00
