0,1,2,3,4,5,6,7,8,9,10,11,12,13,14,15,16,17,18,19,20,21,22,23,24,25,26,27,28,29,30,31,32,33,34,35,36,37,38,39,40,41,42,43,44,45,46,47,48,49,50,51,52,53,54,55,56,57,58,59,60,61,62,63,64,65,66,67,68,69,70,71,72,73,74,75,76,77,78,79,80,81,82,83,84,85,86,87,88,89,90,91,92,93,94,95,96,97,98,99
0.0,0.6887248108938394,0.793547480347976,0.4463643930429949,0.4704365307485647,0.7202530964910849,0.5721486846598669,0.5569265028246121,0.615329843913146,0.5894439889837525,0.5581561111814518,0.3756451384523247,-0.08157413899986042,0.16365329059449962,0.620450446027591,0.7008269868139871,0.2970671331548891,0.5140921688843137,0.5185505576035182,0.6008540819129063,0.5427343095097217,0.49388482448587245,0.4803631102400353,0.4945230693818124,0.5594924765279231,0.3523251453433479,0.4602789278386282,0.48821030467406984,0.6036047351676311,0.47272494181459296,0.25482764401701746,0.5357137241900222,0.32104564406335134,0.47248944698970263,0.4311372132036077,0.5789685181856508,0.4582132097100817,0.35188723157494023,0.5539439627539386,0.5536667488969037,0.4927137130573667,0.40664693518387907,0.28287701072569665,0.5816216417310278,0.5543828970962749,0.5664417606984918,0.48431673707864936,0.4241649016297163,0.7305569483315412,0.6252764398479705,0.7033782965286096,0.66008742644668,0.5397861894157411,0.4366285968600845,0.6810576046284678,0.6904900160515212,0.3277615328342369,0.5151016221852571,0.5315446656327668,0.5013455778077308,0.18582608902029288,-0.22363131516018794,0.2530837053250396,0.30863553083885203,0.42079554029336513,0.6387614651126625,0.33238283744747416,0.4374634051,0.4411387825991689,0.45242597141255375,0.5401629164856075,0.3948937445422449,0.4468792794591931,0.40497666189719905,0.3310657644115937,0.5117108880113562,0.5779204604413639,0.43493539821270866,0.34390106865223397,0.5861608024084571,0.35371618250586956,0.27921654573152127,0.5665174160869599,0.45297308136341147,0.5277141568081748,0.49838793864213715,0.45601046160859315,0.4617244216837275,0.5606456091515181,0.4675082112679636,0.34260380806162044,0.5423641441841319,0.4847735111202661,0.47168406470664404,0.3324066032716141,0.5966877083087588,0.5937388381427223,0.5294883328854874,0.7355646729726025,0.6821582420910072
0.6887248108938394,0.0,0.8109110245493258,0.7612604557575888,0.7113069807488573,0.7791454998096295,0.725699287412192,0.808248524878496,0.8374128470590878,0.5803656428583721,0.5362365488455678,0.4095500402946378,-0.10958648690050624,0.36525436267217276,0.7637512786709822,0.8734668577739281,0.38970159827366463,0.746348242141134,0.55654561464794,0.8226624052855944,0.7876938830522634,0.5893412269927172,0.5989115009836049,0.6393569100318174,0.3458820294346993,0.2514413816562622,0.48333903051512417,0.4705571524737914,0.5448488151518945,0.6523329030710514,0.2470804005206099,0.3865634391918009,0.4345565337483871,0.605289477661914,0.4862165426882592,0.6807765596496435,0.3731980306173101,0.24145394823805194,0.5186655447472156,0.6671268881892894,0.6161634511656201,0.17911135918766552,0.22910273796847125,0.6440132844205956,0.6700549292324847,0.6477266407025848,0.5665323450058332,0.42170719167539633,0.6874821344538942,0.637608762862836,0.6167780988226818,0.8803773743832555,0.7388493717240905,0.754469715104574,0.8795058799157122,0.7109115015873082,0.5441072033236012,0.8005322390545444,0.46293397774240724,0.48551790943071355,0.06815073590891778,-0.3357943894314303,0.2160540761650176,0.31096233188767297,0.5204209027288674,0.7023530485016869,0.4900839313085292,0.5104757597708233,0.5379714658415929,0.6729404261744619,0.7354074387514936,0.3896167105449852,0.49138253152218386,0.5243116894485346,0.3800692112911651,0.36602244253808863,0.49195670089580007,0.4912496380754401,0.3871346456089796,0.50837337230696,0.43462677492265767,0.4654286604391259,0.6958708902938914,0.4595502875601098,0.5990540415844977,0.5617863287876534,0.3269279093467695,0.41947251055922025,0.6460336568357495,0.5995362634167029,0.34236723471651276,0.3281723106591782,0.4451775333417713,0.3218955303843209,0.20788090559519326,0.676439903754799,0.719052414608758,0.5944627611224285,0.731510368137379,0.6555392993587321
0.793547480347976,0.8109110245493258,0.0,0.5073203169669431,0.604510613851426,0.8182698455211916,0.6775842308239839,0.742844507644792,0.7747744553301693,0.6178131015472169,0.5409768546899958,0.4203360410874787,-0.07871900549248477,0.3207781456969013,0.687340130662279,0.7552023568462883,0.34021117025352526,0.6527485027651712,0.6070731745430741,0.6576586975527959,0.6635673676649926,0.515196886780423,0.5799495317544692,0.5660547323393161,0.4791004274242851,0.3039172783944016,0.47304734925666836,0.46544729570765325,0.6037391013967788,0.5278297123426223,0.3402487206777118,0.4139075485731975,0.3693657716735854,0.5557482173106205,0.4486276754646555,0.6221826574571403,0.4134857888569096,0.3255850270488492,0.5857761486154265,0.6385323742282695,0.5309344393519825,0.32586111533499024,0.32850380449536365,0.6025952539871166,0.6135386990381658,0.5422132677954323,0.4776584634614347,0.390470612315289,0.6829814832381613,0.5693831864889706,0.7160567694777997,0.8044148026448501,0.6920482687235114,0.5417313642520386,0.8100850215852785,0.8180253555220856,0.5935002918186365,0.6868873498367304,0.5822386473649874,0.521266842735612,0.1774646596720909,-0.24508512505896715,0.34354219633916994,0.42007501390430035,0.5561887744725661,0.6762777485929317,0.5062313327113173,0.542125040648453,0.5110709103545542,0.6101057170856421,0.6566881453826544,0.3870635504537292,0.5126067834685858,0.5405584820542094,0.41271568451506074,0.4701474865178305,0.5991596806581788,0.47031314274708047,0.4235991053345287,0.5389560525509604,0.4530717620459941,0.3958005943850755,0.6302275564083648,0.39438460064358266,0.49928147629523806,0.4582252123128131,0.4080514234098967,0.38404505227364577,0.6060263222154665,0.5715621769611314,0.3929707013655234,0.5191593141731741,0.5786361776143488,0.4810741898210649,0.2792914950246554,0.6208061340526966,0.5728448284731326,0.5048685181024917,0.7230504512817376,0.6152947283774152
0.4463643930429949,0.7612604557575888,0.5073203169669431,0.0,0.7181772702544073,0.642158624765928,0.6009894427058246,0.7058427849695931,0.6309462554588469,0.4356699513199524,0.4627238757178662,0.2932880558724793,-0.07461259961390498,0.1938461360041427,0.5679626060956874,0.6916758646092929,0.27826199504554716,0.6655132549856865,0.39414353088760407,0.6367826269182622,0.6217988038220744,0.4706589085445993,0.45399571361500646,0.515535675890509,0.32271339545506394,0.21475186926905407,0.38757388104493334,0.4826913445817624,0.49808167492901795,0.4643379969954697,0.1444027517511473,0.36612966778537454,0.41620112169136825,0.5300758209518389,0.40260771032692905,0.5102169507471163,0.398649027865674,0.22651003066093728,0.33845461177032937,0.5008525073269162,0.48126342217258783,0.21446270042872445,0.1906294971459043,0.4518211747950261,0.4518835928881242,0.43753474721610314,0.4163565392218218,0.3165928436959327,0.49473534862675567,0.4726088244718204,0.35900986653396677,0.5991436004037084,0.5935376974114838,0.8568663645673691,0.7007286877485178,0.496262829190879,0.40890756054457483,0.6749215387698316,0.2939831601683429,0.3384150269439888,0.009755044700660662,-0.24483076910409451,0.04375930532631323,0.0992600014972469,0.34386936761781034,0.5015005241456753,0.3252161123741663,0.3067604874075038,0.4858151049190295,0.6289669484723432,0.6034138193850608,0.3096589613713929,0.3644523295390592,0.38220595064870766,0.20409369523199075,0.2846912695584442,0.4815727464795556,0.3746862121450405,0.24621165748260318,0.40809106349517094,0.32803818279713776,0.4421702620652856,0.5385627998316341,0.4149918233887454,0.5157473567541584,0.48844168452147035,0.35258536612797114,0.4451365010813149,0.613507160890199,0.5109600673783512,0.3345328632995808,0.18374645586212912,0.2697143321205949,0.25962522948223077,0.18123662408989497,0.5001619463050019,0.5278226215977196,0.5048742525546421,0.5021520625997421,0.5184196738116094
0.4704365307485647,0.7113069807488573,0.604510613851426,0.7181772702544073,0.0,0.7486618269147345,0.41971573934272344,0.6689198215470388,0.6451765634866111,0.5481670562386934,0.48983668061078084,0.5127021779778266,0.06688841324303242,0.2695122165187786,0.5279851594549915,0.536387007246772,0.2834053268643083,0.5694125109067718,0.44108550812452546,0.5288441954155733,0.5041871992704355,0.38143634321801395,0.5104259975760896,0.5401056393341543,0.4075908183503501,0.2991168493123175,0.46591201751958183,0.5714138940279574,0.5709644102747174,0.3795889041206939,0.38805450928019464,0.43009275858752904,0.4228716289248307,0.45608134476286805,0.39191790691096356,0.48453821664583596,0.5044444373566944,0.28050489253805294,0.3093112909392461,0.3911574407791824,0.38377219424867587,0.3946754458326722,0.4558087604166458,0.4966062139448132,0.5088774276070656,0.3953663515312349,0.3720011384772108,0.34747257678811766,0.4970240809951301,0.39459153504202077,0.5470907618742972,0.5647147012565076,0.5985201866341787,0.7459088287376244,0.7825921773839841,0.5375742020210847,0.4841413110548062,0.6647250799729124,0.5416017703551017,0.429732834269674,0.25290405416984635,-0.08386084074266628,0.11110606074596076,0.1653181526318271,0.34471311700279444,0.46094269772503627,0.30943349864324626,0.26177947115616906,0.3822850174896862,0.6051487031958596,0.5373717531555271,0.261684975681216,0.3777996211563716,0.4719837564477847,0.31500864921380317,0.43742597526288174,0.5678994857070093,0.3405223187253548,0.3933286188978759,0.4416208396197155,0.37980816677272494,0.4161429017269792,0.5683590097459311,0.31920929131614223,0.3768351718348285,0.35241871392654756,0.4815660587224879,0.35693056717974564,0.6137123119144875,0.5451455132524338,0.41681353178532826,0.45579237113530263,0.48052582593062876,0.5597495853073952,0.30145943167573924,0.5227443396461307,0.40044014307813286,0.4112582161731565,0.47179205378992994,0.4935830261922673
0.7202530964910849,0.7791454998096295,0.8182698455211916,0.642158624765928,0.7486618269147345,0.0,0.6577522684262728,0.7897433556385602,0.8271859451898357,0.6767148811683193,0.6134302401556172,0.47888955381886106,-0.09059352671519293,0.2919951929036017,0.6885207167856744,0.7005944147611581,0.25777368156339986,0.6953918030337329,0.5409121899513303,0.6839435161650574,0.6586697784701273,0.4666823438549633,0.5722266951447755,0.5874379505589209,0.45351647012199936,0.36643474374800644,0.5066858797684306,0.5664781142963937,0.6347975806907408,0.5081336713456366,0.3053260258370518,0.434944002938018,0.31034035851052005,0.5424257142704939,0.45950361783437216,0.6576401220551297,0.45672296608152535,0.27959914312417566,0.5377186534478946,0.6454974480870568,0.5228915690000265,0.38563414569913884,0.3745519365149179,0.6124403522164308,0.5809270041902612,0.5451108646127721,0.4825830636655535,0.418547223939311,0.7814530931022741,0.5791231246135018,0.6338735971424727,0.7168383263647459,0.6757557273388474,0.6294976624160525,0.900600335941744,0.8462892796742169,0.5565313244706018,0.7559861145310597,0.632934512290294,0.5281915400646859,0.20580568032491534,-0.2417761430959751,0.18081223374111624,0.2582119132707684,0.46863318644792884,0.6617420071689926,0.438797968784239,0.3805140464986635,0.501478215354939,0.6780847287061847,0.6743189151566299,0.34818970051300024,0.49437188372699997,0.5963261663420698,0.34823905068002425,0.543241974927849,0.6240567522373047,0.44347024536683716,0.3874347840711577,0.5421820646244486,0.4366993326615778,0.42333362032063127,0.6496815292269448,0.4771559046620161,0.5573502631580688,0.5218623379618186,0.45387133901125054,0.5003442900566054,0.7104580890681237,0.6018104848123401,0.39135129593061274,0.5451819717410034,0.6147085420705382,0.5254186205698695,0.35568981649630044,0.63922041013392,0.5931274834029927,0.5711879880512188,0.7867719164060234,0.6624451748766355
0.5721486846598669,0.725699287412192,0.6775842308239839,0.6009894427058246,0.41971573934272344,0.6577522684262728,0.0,0.8309821987056907,0.7796272305948313,0.6562802915942924,0.5797306295272828,0.4144715409364405,-0.06173440980010873,0.31043258713866984,0.6895201061791141,0.7861765978650452,0.3967788720019925,0.7673675940041248,0.5348123599117413,0.6516065049686219,0.7655426030926709,0.5578283080522604,0.6020566069398047,0.6579310231982102,0.3354923589548198,0.37274417075837063,0.4484678617919076,0.4603889342405878,0.46384275300617217,0.6068942351851462,0.12044156698796021,0.3466089098989508,0.3356303923155252,0.6032866822097511,0.45927273672931324,0.6401462466437534,0.2725619008185629,0.2891254142949328,0.6305000405627201,0.8523166743446382,0.7073025359265392,0.14684290245348203,0.24892623733825825,0.4971267408711527,0.4643007651819574,0.5527131020780359,0.4930566788201205,0.3978961641450525,0.64325837081411,0.5683336086895918,0.4275635546751856,0.6584067732004976,0.6344564307694859,0.5235694665355342,0.6555238260759101,0.6770883889033285,0.6215018621435797,0.7191130466283578,0.4765464967836551,0.5003182652599074,0.09887681138549569,-0.2535260487852173,0.2601840468062844,0.2960235480143496,0.5334368631423426,0.6759787800143865,0.6059586017132189,0.5358945507810497,0.5339267860782639,0.6739082448045203,0.7003661238977986,0.3886914936214608,0.5420877010433014,0.5885304461315759,0.3684635629748951,0.44124602190682094,0.44395661702708616,0.49891258552326045,0.24249931558272098,0.45274639089284907,0.366268518916084,0.41204432738789265,0.477675155867843,0.4058184164814011,0.48603374477771827,0.43567114677602975,0.25647441831312434,0.4288133879909848,0.5908774975471852,0.5339163225558569,0.2703811279379802,0.31244423131141763,0.4998570509767483,0.2167061613002891,0.23139472480976864,0.5152806736415975,0.57014880826538,0.4673327470726403,0.686416920742162,0.5787690148797556
0.5569265028246121,0.808248524878496,0.742844507644792,0.7058427849695931,0.6689198215470388,0.7897433556385602,0.8309821987056907,0.0,0.8825716383617815,0.67812809912747,0.5884748532472519,0.4371553537324673,-0.059491358992176696,0.3213526773445354,0.700488403118255,0.7160737498025982,0.3124623855318587,0.8221960670346373,0.5178470848130686,0.6785399238131523,0.7759065772143288,0.5051250708744512,0.6109259494243295,0.6200886295499694,0.32406890950363826,0.3376851378503442,0.46593636335791344,0.5175780340531175,0.5428580391986471,0.563644251811302,0.22791889443705227,0.33975302812078767,0.2879671978754691,0.5919065864971924,0.48099291981422243,0.6774557498771787,0.3519551932625694,0.28355749911419686,0.5876571444476655,0.7794741024004666,0.6270814328507164,0.2442998756989119,0.30643843933148185,0.5387857050300391,0.4971741559006312,0.5353783354368548,0.4690570792029272,0.4001354805732347,0.6647496481751265,0.5411577364414982,0.5113730919675238,0.7251372177894305,0.692717485149575,0.6481979699697711,0.8035250436709853,0.7319360705410398,0.7547260533750678,0.8754918798442954,0.5910527151209611,0.5144423483396746,0.18494131813797562,-0.21474770988301858,0.23676043213061826,0.272488833804672,0.5360252109712422,0.6799907034006314,0.5891093082954906,0.464782233511578,0.543505039085859,0.7876240709967115,0.7508096704146464,0.3985388678383922,0.5542535030843209,0.6605021312343677,0.4028098439348684,0.4484262138124445,0.5415643601969841,0.4937980506029568,0.3229287557809954,0.4787429873750049,0.44824262076994403,0.4757686078185649,0.5597355349199061,0.4699425225125627,0.5312755504199763,0.4962220991276856,0.3551483980861959,0.4880693776442335,0.692335626335456,0.6382866392255928,0.36720951814106034,0.4115664809715319,0.5908755127429928,0.3548042581841549,0.29575369689062936,0.5788457862592622,0.586331815602224,0.5249936884781797,0.7036864234766551,0.588640131485474
0.615329843913146,0.8374128470590878,0.7747744553301693,0.6309462554588469,0.6451765634866111,0.8271859451898357,0.7796272305948313,0.8825716383617815,0.0,0.6358746026562442,0.5614301442526933,0.3869378817890686,-0.16911450026163968,0.3523923285607623,0.7366929495114029,0.7461511042043165,0.24955404392294253,0.7614662698155286,0.46509627966268086,0.8023410349442343,0.7573351997443987,0.45503407650404676,0.5297020740871833,0.5687811585779932,0.27112538763952276,0.2190831526374777,0.44265584564706784,0.43386171796574863,0.5220476370705737,0.5266339676246496,0.26444237577737284,0.3393344980675042,0.33298774550783516,0.5263602502414076,0.44455243905422187,0.8194529545989055,0.36392281118920705,0.261281678302916,0.6053744093440265,0.7560553350882439,0.6903192067175566,0.16904770827779195,0.24575067316259225,0.6695084518849258,0.6090113923223757,0.6353647985506425,0.5269702290706578,0.44684462646076817,0.7949140403596486,0.6916098796621354,0.541366954895149,0.7711399073263109,0.7222064443184042,0.6468708562400876,0.8513230687620907,0.8076357661065732,0.6730149095358972,0.8707118659117979,0.5604249414174862,0.4796149158605141,0.08853445539517248,-0.34422525930702286,0.17099428182267262,0.2743055968396019,0.49993730990173074,0.6982840997520516,0.5940237061268273,0.42911418671050877,0.484562405642912,0.7165034991559093,0.7247724295651328,0.2908421112616324,0.453881916553461,0.6186079732121537,0.3545714456249495,0.35649970586871566,0.47253676682221013,0.39656762275571894,0.3757671668358725,0.5103103532108307,0.3704180342392186,0.49780828012576334,0.6080461931850472,0.40329850022748454,0.5014581952280461,0.47174955193217216,0.3351265278997649,0.4027944724436444,0.7254162192009471,0.6196587569159385,0.363532682842437,0.41673042694864654,0.5839331776315206,0.3367059587363432,0.2157849864987384,0.6864339662015627,0.6587251518017009,0.581020056107836,0.8236798673258618,0.7006050492401522
0.5894439889837525,0.5803656428583721,0.6178131015472169,0.4356699513199524,0.5481670562386934,0.6767148811683193,0.6562802915942924,0.67812809912747,0.6358746026562442,0.0,0.8070792902359,0.720674687941163,0.2067997815127928,0.2615550144815718,0.6157197565629831,0.5532370356834634,0.39643282899675897,0.5947843545546118,0.4687218841081442,0.4634009705648663,0.5830217636593634,0.5113938323919593,0.6092702379092537,0.6834359145675772,0.5563973119108341,0.6154869788191311,0.5540815492174179,0.6428093303231733,0.543046948626256,0.506446619146953,0.1720760650262661,0.5484774377374405,0.3269589821558459,0.4993161593516868,0.5147613111608148,0.5373938567831379,0.4417764991523148,0.5291883899515322,0.6865634485931822,0.7246114483478042,0.5658814516195182,0.45769864148958594,0.528532313528198,0.42446642702693177,0.3820756951612182,0.5322480567797531,0.47173690927473655,0.46826641015079756,0.6100329922423704,0.5028666345875673,0.4669907760286425,0.509542066942636,0.49200595328356345,0.40089357882236026,0.5997979850928856,0.6167978354658505,0.4952031611567743,0.5940526045199888,0.7813718677784763,0.6950623033445481,0.480460280987497,0.05033056375712478,0.3544256150163538,0.31235514491012367,0.4909884171872974,0.6220215949246853,0.41110637113829723,0.40412727606248977,0.41839321884560743,0.578507058794734,0.5958962128533787,0.4079582316076801,0.5801648119108759,0.6421909505834759,0.47656926611801076,0.6719953138326963,0.5264872452874176,0.48455237902817183,0.19247442003239612,0.5755322082537023,0.35345426440448857,0.3702524644157413,0.4077679664457368,0.44919471788712717,0.45777330549523493,0.40473070316796267,0.4410017864543886,0.5170681978871259,0.5726388905448989,0.5249212896495451,0.36537316740752657,0.5807041217331296,0.6737882413373739,0.41377843082881033,0.3979145310173951,0.43344259633635085,0.4894536452711545,0.4540263850302604,0.6191022980510394,0.5681390352651661
0.5581561111814518,0.5362365488455678,0.5409768546899958,0.4627238757178662,0.48983668061078084,0.6134302401556172,0.5797306295272828,0.5884748532472519,0.5614301442526933,0.8070792902359,0.0,0.70975966611982,0.2315042783052584,0.25718113111834406,0.5937669182234113,0.5252245198884821,0.4396027700945729,0.549441002053883,0.4329159877025276,0.45549099556755906,0.5425757867590169,0.5108671508851393,0.5288481683801262,0.6648228829012436,0.483586092505042,0.5935437232470003,0.46751767173872566,0.5954546820682343,0.5081774273692766,0.5161144967438928,0.1311914449842435,0.499227165258077,0.25703389631241286,0.4614115395227389,0.49689340741883115,0.5099881234128368,0.5053237415597437,0.4292493540826289,0.5444508702162766,0.5982555606091221,0.5341071323697341,0.3922842706096503,0.3866154197982972,0.4121694117312785,0.3598791122809257,0.4914797450316295,0.39922181896258363,0.38020610860757104,0.6012594071986512,0.517628483670284,0.42324474786297744,0.4908356314177832,0.47278003921238787,0.44419264099490435,0.5515922237204615,0.5467621045251753,0.423212208861524,0.5556317622124911,0.667501430739299,0.7183963023706698,0.4763001586299395,0.0864068160955298,0.28423425160151256,0.22696004322959262,0.41790788165319426,0.5492666196580975,0.40982500960634766,0.3922797057364681,0.39469102502017145,0.4900604325286419,0.5241588662987737,0.4599785288924917,0.5238472034542163,0.614789523983374,0.5026743743805954,0.6447480343064063,0.4885307528894037,0.5093743813661822,0.16993535854209493,0.5880625519760833,0.38401234759282726,0.326188031569438,0.42196008763007586,0.4728175091696165,0.47945415224753796,0.4460776835835625,0.48293165759845286,0.5544629363328532,0.5457269591767523,0.5239184478639215,0.33966549145288016,0.49817689429618006,0.5143123368887459,0.3362667550033548,0.39969124836710884,0.42517900596451347,0.500570129883077,0.4205007727128156,0.5986166786088909,0.5783578673687321
0.3756451384523247,0.4095500402946378,0.4203360410874787,0.2932880558724793,0.5127021779778266,0.47888955381886106,0.4144715409364405,0.4371553537324673,0.3869378817890686,0.720674687941163,0.70975966611982,0.0,0.5173991702962156,0.3149745569648575,0.48646103306851335,0.40789466191153584,0.6023893230296645,0.46344147028715665,0.43639891797724684,0.2646544384234178,0.4442928501950308,0.4576815522454894,0.608148101458983,0.6643674057117203,0.46916444730284657,0.5840999479765406,0.5347959027698967,0.6212904175336431,0.4485810339514194,0.5289186781304318,0.14525552633253216,0.437478006449396,0.3328994148359762,0.42165386045700276,0.4478488407482539,0.3363192195073691,0.4326113907833975,0.3679580867248714,0.3449709109315666,0.43502134517412683,0.4016922781031248,0.37599706360104174,0.5523476833947075,0.26751461914564684,0.3139115417748855,0.34957739372490604,0.335174845484078,0.3632828614218316,0.3716675084721727,0.30072734318740846,0.3944922971835913,0.33217229264747283,0.3733724569014202,0.3072964937597313,0.4273107658712607,0.3935667128621192,0.34720353231228934,0.40704883026704625,0.63420839987778,0.6729303721660935,0.6080276219337459,0.31737839032789683,0.4200105536026088,0.29947238862646236,0.45200128959414243,0.4508051843607214,0.2922611221728712,0.3994894992733391,0.2939478195827408,0.41775006423329447,0.4464983434582807,0.3919284064150937,0.5352676173762464,0.541337547100203,0.5139415230189535,0.6587589314674455,0.4102444198026857,0.5132345299220432,0.12875142489400435,0.35725214128963395,0.3403521248354111,0.28225600182103966,0.3180591977022807,0.3028051064782779,0.3215101455457624,0.2444101084450292,0.39479236008722135,0.3542903608434538,0.4197253620956217,0.39340230528937253,0.2133600594745963,0.41584596976189236,0.43790593144139,0.33034960193753854,0.3418154833068237,0.272398804307802,0.2989085013596836,0.25217251819798625,0.35492291014442506,0.3644935399998658
-0.08157413899986042,-0.10958648690050624,-0.07871900549248477,-0.07461259961390498,0.06688841324303242,-0.09059352671519293,-0.06173440980010873,-0.059491358992176696,-0.16911450026163968,0.2067997815127928,0.2315042783052584,0.5173991702962156,0.0,0.025114475044744237,-0.005251706221954021,-0.06657461423806613,0.560694509304807,0.05172444303146256,0.14292618389194114,-0.19456081486867774,-0.033660439677986924,0.21899499123435842,0.1954018103700619,0.20647696350103795,0.24668234617609552,0.36232447775577564,0.23727831578954764,0.2953816418233269,0.1946301142100723,0.13968109239389484,-0.0847968700037072,0.18898229944203718,0.14134721642059314,0.18793603612842627,0.23322153478755486,-0.06571368569139281,0.29722206846766414,0.2621025510319215,0.033955076057936774,-0.0496435861318048,0.09687671285491943,0.22512200917640454,0.28893593005982404,-0.20519878790798105,-0.13710168715895188,-0.022193833048866348,0.07179304846219974,0.1557355364164506,-0.1785451554846627,-0.024709695099359757,-0.01552713186794254,-0.15656423952434603,-0.10455401771228609,-0.07775639614208234,-0.11826334072151867,-0.1808335839452021,-0.03960377823164936,-0.05757428015669687,0.1421848683607809,0.2465337323854691,0.574354784756778,0.8593275197272603,0.46875281842127325,0.05504500643428198,0.06400707409146439,-0.04226096390912572,-0.0696755663899935,0.1346704907775942,0.047881900443020896,0.041543185814292956,-0.020385882901591663,0.2778323471626701,0.19700681154142613,0.03614127932779247,0.2496391859791943,0.2262281204834234,0.15931320954249065,0.2262763759605905,-0.16543607605682803,0.00910151660151109,0.10075170306309697,0.09380482317847179,-0.15311321940524644,0.05654568678517529,-0.024971799104835293,-0.003574865121467168,0.2859640829651217,0.096019721825671,0.05327582329846283,0.05373724196718147,0.024655639140993765,0.07233275459525927,0.01028179175120343,0.02096921752105375,0.13365496200508026,-0.2317814248484603,-0.11785622554570038,-0.0729325340815364,-0.22369084062540856,-0.008778710083693814
0.16365329059449962,0.36525436267217276,0.3207781456969013,0.1938461360041427,0.2695122165187786,0.2919951929036017,0.31043258713866984,0.3213526773445354,0.3523923285607623,0.2615550144815718,0.25718113111834406,0.3149745569648575,0.025114475044744237,0.0,0.5225915661165037,0.3350782573808846,0.33396888413882236,0.36242996765728286,0.4952962582139597,0.3282166962716687,0.5070746058152485,0.25758319911101785,0.5211495385570135,0.37266698820264144,-0.028389662911953183,0.06744136084322039,0.328512538391344,0.19035494099943906,0.23658085963365608,0.4327928776767986,0.08777564983936781,-0.023347696141200698,0.1487023602451783,0.2605177907076571,0.2574319570125018,0.3311225785165705,0.07054990619183256,-0.047745197284515144,0.15438286952764618,0.257222984777782,0.264285101305179,-0.08991491697974698,0.13772533808901039,0.2721836109023403,0.3073845326655644,0.3346366891299166,0.31921058683977677,0.2464471031131363,0.2712974950202164,0.2561364223959442,0.38459362107847056,0.4315233938176478,0.4416971165268593,0.273281535480093,0.367921605362712,0.41096971600217685,0.4399898177198992,0.35063811077964385,0.21581615655476735,0.17456507297240917,0.04820095124061932,-0.11487835900423572,0.12092331984706181,0.16594733343618517,0.3645799869753563,0.3152411834272413,0.44218757219627874,0.40249477817707424,0.24121711432743154,0.332715183064806,0.3756863551604278,0.14583957069205003,0.349911192797192,0.3887979121283532,0.28733046148126373,0.13113145822383088,0.16761963057885718,0.26444575133391307,0.1367785241306051,0.12537098162624755,0.27015163959016825,0.2661995447220867,0.29249419666859294,0.1218077237546283,0.22015597360896902,0.20519512524125827,0.041238889274792266,0.1020122740979423,0.2911332107821924,0.3398085743045837,0.11404584145405737,0.0706606325510276,0.2876016275351409,0.07122907531624233,0.004905956850707425,0.2985281751017297,0.32446376348687095,0.2006253856259694,0.31768661058671227,0.251617462712624
0.620450446027591,0.7637512786709822,0.687340130662279,0.5679626060956874,0.5279851594549915,0.6885207167856744,0.6895201061791141,0.700488403118255,0.7366929495114029,0.6157197565629831,0.5937669182234113,0.48646103306851335,-0.005251706221954021,0.5225915661165037,0.0,0.7475118772295515,0.451817597363405,0.7683615835485982,0.5891641713785203,0.8060327173579601,0.865909239803007,0.6042548321014087,0.7086244398423485,0.6661476969727078,0.335471669444195,0.37638351263649544,0.6351306968665912,0.5673830813788319,0.6468880820200325,0.7702618723792446,0.028126936571726824,0.28462243549049904,0.2876679904328698,0.6298500299704616,0.5696676608116694,0.7054508644426412,0.3894999642618675,0.21537530696173143,0.526353328279622,0.6256460441547899,0.666505309936767,0.20200734999574801,0.2954126813674155,0.5007036964992039,0.513171519128052,0.7172231460469504,0.6447038825317631,0.565870296094416,0.6713192130589241,0.6640498783765415,0.5801181493593914,0.7169212375072116,0.6699913614757688,0.6089648656646448,0.7398470289373282,0.6942758876657764,0.49442780122526864,0.7034912240924696,0.4930945722350469,0.5096598050186564,0.2041082377928772,-0.17425772165905049,0.31185297625480307,0.33743070138647985,0.59752037112893,0.8098929070923087,0.5344183748893114,0.5835149496930319,0.5804102205914519,0.6857522706492178,0.8004563958128679,0.48117342730343504,0.6228507502610974,0.55581139793097,0.49939095606808537,0.4561232822779651,0.54930784803158,0.6045960199880507,0.1664224947405269,0.440713206282848,0.5432987843257759,0.5739402377242523,0.5479446449506681,0.49492728680794024,0.6375908752773691,0.6190787875731273,0.35474960110521214,0.5377842432359604,0.6590017298821105,0.6300326525363937,0.361150788997996,0.26939926716114887,0.479804551636747,0.23642670212744046,0.2887849642748154,0.5393405431653164,0.746355972617945,0.6426885615015654,0.6786232503169479,0.6445336501913261
0.7008269868139871,0.8734668577739281,0.7552023568462883,0.6916758646092929,0.536387007246772,0.7005944147611581,0.7861765978650452,0.7160737498025982,0.7461511042043165,0.5532370356834634,0.5252245198884821,0.40789466191153584,-0.06657461423806613,0.3350782573808846,0.7475118772295515,0.0,0.5090823361766639,0.7859645212139428,0.6391892013167066,0.7758508984859529,0.7910044984362496,0.7136911799925743,0.6284564192265444,0.6850500980973211,0.3833991751613054,0.2975987631233493,0.524372513850918,0.4829322760830063,0.5389979702900468,0.6741439784814887,0.19286652577438684,0.41225035529654397,0.5264664745534312,0.7427520884027904,0.5797101529405968,0.6432452213841751,0.3545461782286147,0.28085922891257536,0.5615449386808422,0.7269803004803461,0.7020654579486265,0.1769745762068371,0.26985055043524864,0.5855965760326358,0.6452270130149207,0.6524326005055319,0.6576579999939088,0.48566588958605683,0.6474150633910648,0.6306530293946557,0.5611054864834095,0.7828050562264233,0.7151620915328166,0.6479064849708174,0.7613707651298034,0.6679872751129738,0.465637395956864,0.6966905409602614,0.406420236219482,0.47654125440751555,0.0470299130844475,-0.3070511275534707,0.2763367209805233,0.35785974125559233,0.5592127448212096,0.694295150703741,0.4786509670408663,0.5720424251647812,0.5740255543448816,0.6497077724933183,0.7210496751346109,0.4383178911202788,0.5198550157219376,0.5029846046322529,0.3649002986247349,0.39232196267341773,0.4716719771434289,0.5195229739902695,0.3347200647200914,0.4749711542962248,0.4275490658114335,0.44243900614339043,0.6476308117656356,0.5005263082439675,0.580150387255249,0.563696485811223,0.2942063978621574,0.4142518818982332,0.6042150773924221,0.5741593484613238,0.3010539072073771,0.2837701255399615,0.40846399449075294,0.2647492754184868,0.21894897540234987,0.606915487620938,0.6913335173920511,0.5532247815184429,0.6928480072312936,0.6257557186521834
0.2970671331548891,0.38970159827366463,0.34021117025352526,0.27826199504554716,0.2834053268643083,0.25777368156339986,0.3967788720019925,0.3124623855318587,0.24955404392294253,0.39643282899675897,0.4396027700945729,0.6023893230296645,0.560694509304807,0.33396888413882236,0.451817597363405,0.5090823361766639,0.0,0.5209705560682043,0.6552763966642341,0.28208956002963353,0.5126779764759996,0.7005413079000258,0.6285219790578718,0.7251269048136886,0.29804960892347154,0.4811172150175208,0.49105242465703,0.5073430147523021,0.47405917192763086,0.6072473171990275,0.00861407006890651,0.21786765970479538,0.3211472283141294,0.6365688083218971,0.5469899679700385,0.25793730534753817,0.38659453184862147,0.14224337433976664,0.19688082055347692,0.3373906231532159,0.47183966086844786,0.10397441974483919,0.323656055750107,0.1344461225140555,0.2473798486125736,0.2896513639214892,0.40571509055186594,0.33628958223431016,0.18513844209675276,0.2678127518129027,0.3099025721792896,0.3438617895546844,0.310943664622184,0.28933232960895505,0.31842904630149954,0.20751676967851546,0.2319624943251304,0.3505018975809241,0.2659337222716174,0.5011006867726531,0.37688897230594104,0.309306803391185,0.5425523506097041,0.3710454534445676,0.4997774888825733,0.4174418301815103,0.29891692160085953,0.6312799483789011,0.4247904493180589,0.3629873357721065,0.4463990848337337,0.5201686489536966,0.5466615156972663,0.36069057970763846,0.5786999456000776,0.4611781595893053,0.41322564983252097,0.614091954673455,0.07419408095953937,0.20882531633330356,0.5267054388467491,0.31487832390463216,0.2773883893397566,0.32437352497448435,0.3394415296403641,0.28831056537853317,0.33008643664617704,0.30145825573639184,0.3211568094166566,0.40631405617477145,0.09413587837864286,0.08771924664629935,0.13895672299634576,0.05788509784606091,0.22495636156539364,0.1386127673700708,0.2723913363611186,0.1721199508620823,0.1822297352225927,0.2752560740495482
0.5140921688843137,0.746348242141134,0.6527485027651712,0.6655132549856865,0.5694125109067718,0.6953918030337329,0.7673675940041248,0.8221960670346373,0.7614662698155286,0.5947843545546118,0.549441002053883,0.46344147028715665,0.05172444303146256,0.36242996765728286,0.7683615835485982,0.7859645212139428,0.5209705560682043,0.0,0.6381223866211642,0.7639041445185645,0.8791534327294591,0.690175098656304,0.7010875931131182,0.6956476339465719,0.32459428933469053,0.40538962123445643,0.5875440526125272,0.5790377966392208,0.6199274550967157,0.6766744046213756,0.01581318287310893,0.28876083314552964,0.32584832649878964,0.8347888157066493,0.6537990334624749,0.6681925100507712,0.4105887103052072,0.23057124892841815,0.5077691506696219,0.6854887854871045,0.6917307441080935,0.18942601168929488,0.30148705729695235,0.3725391778794841,0.4259881429913826,0.545073775230389,0.5883092630250117,0.5081055189167648,0.5585432237689937,0.5206391322948871,0.501314285739769,0.667516267502644,0.6761461804519397,0.6603785106780478,0.7354976533746788,0.645338299198125,0.5933114963619108,0.80900218157417,0.48315443281984355,0.5220258804145914,0.2333950725984234,-0.09936789786611695,0.3401035183858382,0.34843477707458,0.6375495094810896,0.6945391085213367,0.5498531217181126,0.5935877639254477,0.6982901381486074,0.8638952043830268,0.8644445127373734,0.5694924101082021,0.6604811356168835,0.6104361300147516,0.498445312129456,0.479138142892697,0.5783670507483031,0.6046533438819375,0.13893935745789204,0.37821593359537536,0.5965541207481273,0.6147716040259656,0.5205493957321138,0.6106880863576597,0.6477477683304494,0.6208007467268275,0.37642634064866287,0.5743027784165499,0.7239306333397572,0.6878493020755957,0.37952071007266247,0.24669765281717804,0.4660177404750391,0.20011184941968804,0.32143466756882466,0.4316287280096997,0.6136959442402333,0.5817134860450895,0.5948781380005613,0.5446657874924807
0.5185505576035182,0.55654561464794,0.6070731745430741,0.39414353088760407,0.44108550812452546,0.5409121899513303,0.5348123599117413,0.5178470848130686,0.46509627966268086,0.4687218841081442,0.4329159877025276,0.43639891797724684,0.14292618389194114,0.4952962582139597,0.5891641713785203,0.6391892013167066,0.6552763966642341,0.6381223866211642,0.0,0.4430600263388112,0.6421223147653549,0.6657747348512287,0.7462704234546128,0.6460753554313181,0.3731883164357342,0.41250270080930046,0.4919730943325107,0.4920581171217305,0.6208186876467767,0.5734699006851328,0.240626419191045,0.2745831974188309,0.32526406927610596,0.7462348358778911,0.5346613344468052,0.39751390330737,0.3894775828737288,0.1637335021072342,0.4006543590123896,0.4791399512512369,0.4797539052779819,0.2878483133226916,0.38297140403118074,0.355763149334267,0.46867457262552575,0.38364989128848337,0.49819216920143605,0.4251411871009613,0.39684245755789876,0.371794001790567,0.5441104043460858,0.5757585561809938,0.574490978101672,0.43398952406321045,0.5673132322388845,0.5106125147326361,0.46741628968522886,0.51240672820427,0.44482648899245686,0.4588304108417582,0.2510928188801655,-0.010536617219648117,0.42573741822318917,0.4203727967005332,0.6309767898804006,0.5526144906788375,0.4714774801397534,0.7232160948858664,0.6275560163029364,0.5424546918454114,0.5914004336115962,0.5254338913778382,0.6506321465844697,0.5130381372436633,0.5245066771284582,0.5139459697073572,0.6032624840185752,0.5797304448746643,0.32097181291956123,0.3726430486558434,0.5851437633252997,0.39078121365231455,0.5229156197965703,0.43808792144488634,0.47103003343016947,0.4263350320957589,0.39791893932995387,0.3925152097865178,0.47847538584268573,0.5751826739911837,0.35387960856596823,0.3412350246014746,0.42906418551835357,0.3647973241086002,0.3811017321455902,0.3834496882090371,0.40521884433012934,0.3774532888562316,0.4194231725826945,0.42539668884702037
0.6008540819129063,0.8226624052855944,0.6576586975527959,0.6367826269182622,0.5288441954155733,0.6839435161650574,0.6516065049686219,0.6785399238131523,0.8023410349442343,0.4634009705648663,0.45549099556755906,0.2646544384234178,-0.19456081486867774,0.3282166962716687,0.8060327173579601,0.7758508984859529,0.28208956002963353,0.7639041445185645,0.4430600263388112,0.0,0.8076029181006906,0.5273999269142301,0.49312013850109804,0.5172880553709874,0.23192242292320045,0.1790315756613457,0.5068870638624949,0.39749494816441344,0.5169113408636705,0.6241989204570509,0.0298031636417892,0.23783998845657436,0.2888625521600757,0.5946664938291341,0.5117439010902833,0.7962926302323275,0.3356802504673221,0.16000924563212915,0.47764294384425854,0.5928133536304723,0.6882266455657352,0.08661917835027338,0.1072583354720986,0.5574246634987868,0.5687167218605038,0.7174993564560286,0.641531609300283,0.5343641111760127,0.7068901241836137,0.7314528653838492,0.49046125028297777,0.7433753504382548,0.6507815141905005,0.7022917679457887,0.7744606208650451,0.6589135121983194,0.39934781432607064,0.731918537694953,0.35596593803719245,0.40132614518976034,0.029556972508180946,-0.33796950700844386,0.16484781206155225,0.27807773080771825,0.4874151871857089,0.7081245469630013,0.471298879819988,0.46102006485783953,0.5626987019742281,0.6671574285372694,0.7811396362465555,0.38054347159277546,0.450408395551878,0.43578358941337697,0.35517153161257825,0.2617051630371248,0.42060219921861586,0.43718919463085365,0.1949380529595391,0.42093626524710576,0.43815323405396667,0.6047819473874302,0.5875637721373205,0.4802889831823921,0.6368027201705895,0.6472589516474442,0.27862147578386476,0.4649571151490018,0.6978962394950481,0.6006988261958293,0.34007508696721744,0.17225223019823332,0.35552618486100485,0.15184438068730718,0.16983794237283906,0.5951658902134906,0.7805407171486134,0.7113085214089313,0.7190588383252976,0.6935505050092133
