1.880588531494140625e-01,5.283874273300170898e-01,-1.089983582496643066e+00,7.773902267217636108e-02,-4.769718945026397705e-01,-9.685645103454589844e-01,2.362815380096435547e+00,-8.375963568687438965e-02,-2.435515671968460083e-01,2.185543626546859741e-01,-2.219108343124389648e-01,4.739300906658172607e-01,3.410251140594482422e-01,-3.019201159477233887e-01,-1.194387316703796387e+00,1.870737075805664062e+00,-7.653027176856994629e-01,-7.356202602386474609e-01,1.336946249008178711e+00,-9.824677705764770508e-01,-9.516789317131042480e-01,-6.516117602586746216e-02,-9.374641776084899902e-01,-1.495762348175048828e+00,-1.345314830541610718e-01,-5.686588883399963379e-01,4.538379907608032227e-01,3.563860416412353516e+00,-4.354405403137207031e-01,8.092269301414489746e-02,3.148818612098693848e-01,1.276927113533020020e+00,5.859437584877014160e-01,7.838936448097229004e-01,1.217665553092956543e+00,-6.288619637489318848e-01,2.191574335098266602e+00,5.270482301712036133e-01,-1.232585668563842773e+00,-1.168665647506713867e+00,-1.112897396087646484e+00,1.962424993515014648e+00,-2.950208485126495361e-01,6.345158815383911133e-01,2.517520189285278320e-01,-2.385705232620239258e+00,8.283212035894393921e-02,1.732248544692993164e+00,2.575668096542358398e-01,-1.824523329734802246e+00,5.098766088485717773e-01,1.549350976943969727e+00,-1.018949031829833984e+00
-1.290072560310363770e+00,-6.433579921722412109e-01,-1.809437632560729980e+00,-1.188676834106445312e+00,-1.955788731575012207e+00,-1.913750171661376953e+00,3.591817617416381836e-01,-1.400960445404052734e+00,-1.539328694343566895e+00,-1.382917165756225586e+00,-4.487079381942749023e-01,-4.835475981235504150e-01,-9.711828231811523438e-01,-2.548337459564208984e+00,-1.889429450035095215e+00,1.667579412460327148e+00,-1.353039383888244629e+00,-1.309468746185302734e+00,-8.104173541069030762e-01,-3.909996747970581055e-01,-2.237099885940551758e+00,1.109535932540893555e+00,-1.328590750694274902e+00,-1.423519134521484375e+00,-4.396965503692626953e-01,-8.835916519165039062e-01,-3.443901836872100830e-01,7.974797487258911133e-02,-2.020539999008178711e+00,-1.044705748558044434e+00,-6.554272770881652832e-01,-2.724631726741790771e-01,-9.089679718017578125e-01,6.645495444536209106e-02,8.392307758331298828e-01,-1.836597681045532227e+00,9.563334286212921143e-02,-7.721505165100097656e-01,-1.411514282226562500e+00,-1.288166046142578125e+00,-1.184087991714477539e+00,-1.154469922184944153e-01,-8.737075328826904297e-01,6.289935111999511719e-01,-1.181387066841125488e+00,-1.389937400817871094e+00,-1.067734122276306152e+00,1.569178462028503418e+00,1.076041817665100098e+00,-1.528094410896301270e+00,-1.833116054534912109e+00,-4.142416715621948242e-01,-1.757030010223388672e+00
-1.746155977249145508e+00,-1.251599788665771484e+00,-1.294147491455078125e+00,-8.034235835075378418e-01,-1.636521100997924805e+00,-1.761390566825866699e+00,1.540498435497283936e-01,-9.699264168739318848e-01,-2.378705263137817383e+00,-2.255438804626464844e+00,-1.429547667503356934e+00,-1.917172193527221680e+00,-1.972425103187561035e+00,-1.641517519950866699e+00,-1.872665643692016602e+00,-1.062295317649841309e+00,-1.086858272552490234e+00,-1.380782604217529297e+00,-3.544309139251708984e-01,-1.178901672363281250e+00,-1.396173954010009766e+00,5.957943201065063477e-01,-2.227644920349121094e+00,-4.766630232334136963e-01,-5.960950627923011780e-02,3.503172099590301514e-01,-2.221238136291503906e+00,-1.315696597099304199e+00,-8.973428010940551758e-01,-6.632269620895385742e-01,-7.176409959793090820e-01,-8.003718256950378418e-01,-1.719515562057495117e+00,-1.650555849075317383e+00,9.623078107833862305e-01,-1.788494229316711426e+00,-9.389678835868835449e-01,-5.452976822853088379e-01,-2.479573965072631836e+00,-1.903726696968078613e+00,-1.674384117126464844e+00,5.202840268611907959e-02,-5.646207928657531738e-01,-8.294723182916641235e-02,-2.286121368408203125e+00,-1.346995234489440918e+00,-2.615281581878662109e+00,1.334681034088134766e+00,2.629665851593017578e+00,-1.027476310729980469e+00,-1.883663535118103027e+00,-2.328707695007324219e+00,-1.690593719482421875e+00
-2.556327104568481445e+00,-1.875905632972717285e+00,1.366535186767578125e+00,2.811904847621917725e-01,-1.965740561485290527e+00,-1.254238843917846680e+00,-9.493927955627441406e-01,-2.480952978134155273e+00,-3.136520147323608398e+00,-3.390320539474487305e+00,-3.393765926361083984e+00,-2.674949645996093750e+00,-3.248890399932861328e+00,-3.126069784164428711e+00,-1.759373545646667480e+00,-2.833410501480102539e+00,-2.381516695022583008e+00,-3.305663824081420898e+00,-2.057190656661987305e+00,-3.882468700408935547e+00,-9.289981722831726074e-01,3.942356258630752563e-02,-3.371306180953979492e+00,-2.016031980514526367e+00,-2.180779218673706055e+00,2.477655410766601562e+00,-4.220291137695312500e+00,-4.457520484924316406e+00,4.318590462207794189e-01,-2.115157842636108398e+00,-1.649057626724243164e+00,-2.031931877136230469e+00,-3.104354143142700195e+00,-3.059787034988403320e+00,-2.675678431987762451e-01,-2.825683593750000000e+00,-2.240502595901489258e+00,-1.613804340362548828e+00,-3.060228347778320312e+00,-3.348323345184326172e+00,-3.261711120605468750e+00,-1.621419072151184082e+00,-2.323586225509643555e+00,8.464490771293640137e-01,-3.192538261413574219e+00,-1.583030343055725098e+00,-3.515050172805786133e+00,2.105566501617431641e+00,-5.687636509537696838e-02,-2.172903537750244141e+00,-3.070062637329101562e+00,-4.698428153991699219e+00,-2.741012334823608398e+00
-3.135792255401611328e+00,-4.105632305145263672e+00,-2.912615299224853516e+00,-2.864977121353149414e+00,-2.820983171463012695e+00,-2.496442794799804688e+00,-2.610705137252807617e+00,-2.422442436218261719e+00,-2.280774831771850586e+00,-2.995974779129028320e+00,-2.715301036834716797e+00,-2.168281078338623047e+00,-2.730164527893066406e+00,-2.311989545822143555e+00,-1.332068800926208496e+00,-2.153517246246337891e+00,-2.045607805252075195e+00,-3.738829612731933594e+00,-1.612072229385375977e+00,-3.001707553863525391e+00,-4.446794986724853516e-01,-5.937806963920593262e-01,-1.659029364585876465e+00,-1.837758541107177734e+00,-2.411265611648559570e+00,1.788930535316467285e+00,-3.261673450469970703e+00,-1.303385496139526367e+00,-3.825735807418823242e+00,-2.142697334289550781e+00,-2.486600160598754883e+00,-2.873786687850952148e+00,-2.585969209671020508e+00,-1.873747467994689941e+00,-1.544402122497558594e+00,-3.055484533309936523e+00,-8.735795021057128906e-01,-7.265444993972778320e-01,-3.329826354980468750e+00,-3.086876153945922852e+00,-3.643794775009155273e+00,-9.863635301589965820e-01,-1.956692218780517578e+00,1.526976227760314941e+00,-2.511023044586181641e+00,-2.611819028854370117e+00,-2.959419965744018555e+00,2.072125434875488281e+00,-3.694985508918762207e-01,-3.249481678009033203e+00,-1.917728662490844727e+00,-1.018695116043090820e+00,-2.049498319625854492e+00
-2.733657121658325195e+00,-2.099980354309082031e+00,-2.520315408706665039e+00,-3.600427865982055664e+00,-2.830155611038208008e+00,-1.136515736579895020e+00,-2.174210309982299805e+00,-1.565937757492065430e+00,-1.726888298988342285e+00,-1.254459857940673828e+00,-2.166430950164794922e+00,-1.834736466407775879e+00,-2.151596546173095703e+00,-1.120760679244995117e+00,-7.964186072349548340e-01,-9.969435930252075195e-01,-1.868793368339538574e+00,-3.355561017990112305e+00,-9.088606834411621094e-01,-2.874742746353149414e+00,2.331428229808807373e-01,-1.673860430717468262e+00,-2.417027950286865234e+00,-2.164474964141845703e+00,-3.108785867691040039e+00,1.905879974365234375e+00,-2.889630556106567383e+00,-2.163911819458007812e+00,-1.176671624183654785e+00,-2.609766721725463867e+00,-2.855346202850341797e+00,-2.055536359548568726e-01,-9.965492486953735352e-01,-1.006837725639343262e+00,-8.162678033113479614e-02,-2.927160501480102539e+00,9.903367161750793457e-01,1.507638581097126007e-02,-2.865758419036865234e+00,-3.252324819564819336e+00,-2.844675064086914062e+00,-6.158952713012695312e-01,-1.742081642150878906e+00,2.373123645782470703e+00,-5.903021693229675293e-01,-3.490111351013183594e+00,-2.807273864746093750e+00,2.865293979644775391e+00,-8.375386893749237061e-02,-3.426048994064331055e+00,-3.365857839584350586e+00,-2.197238683700561523e+00,-2.821212530136108398e+00
-2.053698539733886719e+00,-1.734783053398132324e+00,-1.269828438758850098e+00,-1.885417342185974121e+00,-2.128696441650390625e+00,-9.442187547683715820e-01,-2.499792337417602539e+00,-1.338661551475524902e+00,-1.300079703330993652e+00,-1.130594849586486816e+00,-1.050280928611755371e+00,-1.843645930290222168e+00,-2.214353561401367188e+00,-1.606421828269958496e+00,-1.053052067756652832e+00,1.181707382202148438e+00,-1.507768034934997559e+00,-1.954047560691833496e+00,2.977338992059230804e-02,-1.665938854217529297e+00,-4.816086590290069580e-01,-1.008853673934936523e+00,-1.534641146659851074e+00,-2.432986021041870117e+00,-1.683676600456237793e+00,1.071519374847412109e+00,-7.641966938972473145e-01,-4.880136847496032715e-01,-1.276292204856872559e+00,-2.915185451507568359e+00,-2.006158590316772461e+00,-7.205889225006103516e-01,-1.753632545471191406e+00,-2.045634239912033081e-01,-1.574973464012145996e+00,-2.669383764266967773e+00,-9.234472513198852539e-01,6.531814932823181152e-01,-1.764816045761108398e+00,-1.926623821258544922e+00,-2.134138584136962891e+00,9.566988945007324219e-01,-1.160642266273498535e+00,6.126750707626342773e-01,-4.014098346233367920e-01,-2.569751977920532227e+00,-1.301473259925842285e+00,2.416328430175781250e+00,-8.175587058067321777e-01,-2.848604917526245117e+00,-1.735440611839294434e+00,-1.253399729728698730e+00,-2.123696088790893555e+00
-1.520814418792724609e+00,-8.672133088111877441e-01,-1.408381581306457520e+00,-2.209800958633422852e+00,-1.798811554908752441e+00,-1.274198889732360840e+00,-9.995196461677551270e-01,-1.676638603210449219e+00,-1.213467001914978027e+00,-6.100984215736389160e-01,1.759696453809738159e-01,8.406262099742889404e-02,-6.070357561111450195e-01,-7.992101907730102539e-01,-1.311665415763854980e+00,2.115970849990844727e+00,-1.804590940475463867e+00,-1.361802458763122559e+00,4.865862131118774414e-01,-3.918299376964569092e-01,-1.307700872421264648e+00,7.707962989807128906e-01,-1.657475709915161133e+00,-2.563348531723022461e+00,-6.226398944854736328e-01,-7.254264950752258301e-01,-7.048824429512023926e-02,2.556760311126708984e-01,-1.104904055595397949e+00,-1.736953377723693848e+00,-2.361306428909301758e+00,6.215259432792663574e-01,-8.721412420272827148e-01,5.565555691719055176e-01,2.786763310432434082e-01,-1.298395276069641113e+00,7.722054123878479004e-01,-5.070428252220153809e-01,-1.112526059150695801e+00,-8.626449108123779297e-01,-1.200487613677978516e+00,9.827758073806762695e-01,-1.513586640357971191e+00,1.352990150451660156e+00,-2.530201971530914307e-01,-1.895217657089233398e+00,-7.614573836326599121e-01,1.548671126365661621e+00,-9.213064312934875488e-01,-2.126095533370971680e+00,-1.825578927993774414e+00,-4.052150547504425049e-01,-1.824174761772155762e+00
-1.262785553932189941e+00,-7.718705534934997559e-01,-4.106517732143402100e-01,-4.055856540799140930e-02,-1.144868493080139160e+00,-9.798827171325683594e-01,2.540003061294555664e-01,-1.153498530387878418e+00,-1.085208058357238770e+00,-7.346165180206298828e-01,-4.679978787899017334e-01,-7.054752707481384277e-01,-1.080486655235290527e+00,-1.685611486434936523e+00,-1.628342747688293457e+00,1.305967926979064941e+00,-1.360867738723754883e+00,-7.409744262695312500e-01,-1.006152987480163574e+00,-4.473534524440765381e-01,-7.939215898513793945e-01,1.450991749763488770e+00,-1.116860747337341309e+00,-1.131767034530639648e+00,3.742762506008148193e-01,-1.776690959930419922e+00,-6.484807729721069336e-01,-3.881889283657073975e-01,8.037281036376953125e-01,-7.510296702384948730e-01,-1.864406824111938477e+00,8.869618177413940430e-01,-1.328932642936706543e+00,1.242827698588371277e-01,-6.489977836608886719e-01,-1.773031234741210938e+00,-1.489581465721130371e+00,-7.521421909332275391e-01,-1.324576258659362793e+00,-6.999236345291137695e-01,-1.108779191970825195e+00,-4.472266435623168945e-01,-9.532390832901000977e-01,1.428666949272155762e+00,-6.278144661337137222e-03,-1.087859630584716797e+00,-7.237073779106140137e-01,5.953856706619262695e-01,1.330128550529479980e+00,-1.265126824378967285e+00,-1.397350907325744629e+00,1.197230666875839233e-01,-1.165884494781494141e+00
-1.016111493110656738e+00,-1.688235521316528320e+00,-1.123673558235168457e+00,-8.627140522003173828e-01,-2.164701938629150391e+00,-1.921658277511596680e+00,8.659087419509887695e-01,-2.299350261688232422e+00,-1.456808090209960938e+00,-6.038209199905395508e-01,-6.067399978637695312e-01,-3.518778681755065918e-01,5.856179166585206985e-03,-9.460442662239074707e-01,-1.562931060791015625e+00,6.460738778114318848e-01,-1.792292594909667969e+00,-1.061733365058898926e+00,-1.239578485488891602e+00,-5.754078030586242676e-01,-2.070592880249023438e+00,1.309234380722045898e+00,-1.081885933876037598e+00,-2.210433006286621094e+00,-4.414272904396057129e-01,-6.392153352499008179e-02,-5.174711942672729492e-01,8.860598206520080566e-01,-4.417632520198822021e-01,-7.565160989761352539e-01,-9.884228110313415527e-01,-3.628371059894561768e-01,-4.758059084415435791e-01,5.087164230644702911e-03,4.861229062080383301e-01,-6.863578557968139648e-01,7.440860271453857422e-01,-1.186938166618347168e+00,-1.240677356719970703e+00,-8.867187500000000000e-01,-9.790662527084350586e-01,-8.237015008926391602e-01,-1.872622370719909668e+00,-1.965784132480621338e-01,-1.001324892044067383e+00,-1.154007673263549805e+00,-6.369623541831970215e-01,1.767493605613708496e+00,-5.609266757965087891e-01,-1.488205432891845703e+00,-1.026118993759155273e+00,1.277848958969116211e+00,-9.261544346809387207e-01
-1.387383222579956055e+00,-1.688016295433044434e+00,-1.609231978654861450e-01,-7.853432893753051758e-01,-2.043140888214111328e+00,-1.775825381278991699e+00,9.775190353393554688e-01,-1.548472642898559570e+00,-1.301330685615539551e+00,-1.207325935363769531e+00,-1.238880872726440430e+00,-2.709761559963226318e-01,-6.867299675941467285e-01,-1.425222754478454590e+00,-2.077873706817626953e+00,4.326693117618560791e-01,-1.913556694984436035e+00,-1.090817809104919434e+00,-1.551869511604309082e+00,-5.979155898094177246e-01,-8.589367866516113281e-01,1.070101499557495117e+00,-1.306148886680603027e+00,-1.687105059623718262e+00,-3.458268940448760986e-01,5.103908181190490723e-01,-1.035839438438415527e+00,-7.924683094024658203e-01,-5.973239541053771973e-01,-7.672649025917053223e-01,-1.454984545707702637e+00,2.882796227931976318e-01,-1.614991426467895508e+00,-1.225895166397094727e+00,8.877385854721069336e-01,-1.189738631248474121e+00,-1.027428150177001953e+00,-1.377259969711303711e+00,-1.391474008560180664e+00,-7.914460897445678711e-01,-9.588515162467956543e-01,-9.905661344528198242e-01,-1.498348951339721680e+00,5.528486371040344238e-01,-7.933946251869201660e-01,-1.109124422073364258e+00,-1.181450128555297852e+00,1.433461785316467285e+00,7.657427191734313965e-01,-1.119246482849121094e+00,-1.500711798667907715e+00,-1.544057965278625488e+00,-1.712729215621948242e+00
-1.193691730499267578e+00,-1.826562047004699707e+00,-3.008407652378082275e-01,7.545649409294128418e-01,-9.551557302474975586e-01,-1.749373078346252441e+00,-2.213405072689056396e-01,-3.116602599620819092e-01,-1.288610100746154785e+00,-8.403862714767456055e-01,-1.659546971321105957e+00,-1.596456408500671387e+00,-1.109014987945556641e+00,-1.641308665275573730e+00,-1.715309858322143555e+00,1.300107836723327637e-01,-1.548293232917785645e+00,-1.167977333068847656e+00,-1.066699981689453125e+00,-1.202330470085144043e+00,-5.361847281455993652e-01,1.264734148979187012e+00,-9.846351742744445801e-01,-8.817206621170043945e-01,5.999805331230163574e-01,-1.075192689895629883e+00,-1.493697404861450195e+00,-5.706815719604492188e-01,-9.995254874229431152e-01,-2.883358299732208252e-01,-3.587154150009155273e-01,4.860651791095733643e-01,-1.255751013755798340e+00,-1.328158378601074219e+00,1.052220106124877930e+00,-1.218496084213256836e+00,-8.936377763748168945e-01,-9.000456333160400391e-01,-1.346642732620239258e+00,-1.308005809783935547e+00,-1.035372734069824219e+00,-6.590250730514526367e-01,-9.913308620452880859e-01,1.398725390434265137e+00,-3.706453740596771240e-01,-3.754016160964965820e-01,-1.393221139907836914e+00,6.334873437881469727e-01,1.605937600135803223e+00,-5.963388681411743164e-01,-3.038056194782257080e-01,-5.924856066703796387e-01,-1.088519215583801270e+00
-1.335509300231933594e+00,-7.274613380432128906e-01,-1.088259458541870117e+00,-3.973917961120605469e-01,-1.917758703231811523e+00,-1.929704427719116211e+00,2.098474279046058655e-02,-2.392671585083007812e+00,-1.525017976760864258e+00,-1.742768287658691406e+00,-9.231612682342529297e-01,-1.296796321868896484e+00,-8.285585045814514160e-01,-1.567547202110290527e+00,-1.810696244239807129e+00,2.323262542486190796e-01,-1.697640299797058105e+00,-1.380229830741882324e+00,-1.711853504180908203e+00,-1.183688640594482422e+00,-1.354019165039062500e+00,1.357992172241210938e+00,-1.520019531250000000e+00,-1.703266382217407227e+00,-4.512139260768890381e-01,1.279923021793365479e-01,-1.051565051078796387e+00,-7.936797142028808594e-01,-1.790773510932922363e+00,-1.228652834892272949e+00,-1.481821775436401367e+00,-1.013553380966186523e+00,-1.491739511489868164e+00,-5.503544211387634277e-01,3.458322286605834961e-01,-8.496233224868774414e-01,-8.509717136621475220e-02,-1.036489844322204590e+00,-1.477090597152709961e+00,-1.609671473503112793e+00,-1.523651599884033203e+00,-1.169528722763061523e+00,-1.360935807228088379e+00,1.664576679468154907e-02,-1.917887091636657715e+00,-1.030555963516235352e+00,-1.316901206970214844e+00,1.528766632080078125e+00,1.305164545774459839e-01,-1.170690536499023438e+00,-1.901092529296875000e+00,-4.718370437622070312e-01,-1.701278686523437500e+00
-1.370717763900756836e+00,-1.183560490608215332e+00,-1.137887239456176758e+00,-9.954164028167724609e-01,-1.576524734497070312e+00,-1.982065081596374512e+00,-1.887413859367370605e-01,-1.230080366134643555e+00,-1.875233650207519531e+00,-1.618481874465942383e+00,-3.690731525421142578e-01,-1.346755146980285645e+00,-7.558103799819946289e-01,-1.118474602699279785e+00,-1.946176290512084961e+00,4.296787679195404053e-01,-1.623778462409973145e+00,-8.364179134368896484e-01,-1.301824212074279785e+00,-8.733407258987426758e-01,-2.619943857192993164e+00,1.147403478622436523e+00,-2.134623527526855469e+00,-1.453280687332153320e+00,-4.618138074874877930e-01,4.634210765361785889e-01,-7.569429874420166016e-01,-1.313532590866088867e-01,-1.087616443634033203e+00,-9.918097853660583496e-01,-7.799212932586669922e-01,-1.234663128852844238e+00,-1.809649467468261719e+00,-3.090297579765319824e-01,-1.596157699823379517e-01,-1.027235984802246094e+00,-6.636754274368286133e-01,-1.210493564605712891e+00,-1.262781500816345215e+00,-1.440406560897827148e+00,-7.739400267601013184e-01,-7.606752514839172363e-01,-1.251147508621215820e+00,-1.011789441108703613e+00,-2.599778175354003906e+00,-9.470632076263427734e-01,-1.265670299530029297e+00,1.744546413421630859e+00,4.041644036769866943e-01,-1.024054646492004395e+00,-1.245093107223510742e+00,-1.052088499069213867e+00,-1.623273253440856934e+00
-1.483835577964782715e+00,-2.033777683973312378e-01,-7.900724411010742188e-01,-1.870998382568359375e+00,-1.936255693435668945e+00,-1.090345144271850586e+00,-2.519837021827697754e-01,-1.631537914276123047e+00,-1.617932558059692383e+00,-1.078731656074523926e+00,-1.101121187210083008e+00,-1.304112672805786133e+00,-9.740979671478271484e-01,-3.581860065460205078e-01,-1.733201622962951660e+00,-1.786507666110992432e-01,-1.720981597900390625e+00,-1.389504909515380859e+00,-2.006121158599853516e+00,-1.139373660087585449e+00,-1.376768827438354492e+00,2.039095610380172729e-01,-1.628353118896484375e+00,-1.652456283569335938e+00,-1.509727478027343750e+00,1.840928196907043457e+00,-1.849892854690551758e+00,-2.384114503860473633e+00,-9.154293537139892578e-01,-1.484255194664001465e+00,-1.778426051139831543e+00,-7.622321844100952148e-01,-1.290034413337707520e+00,-7.808982729911804199e-01,-8.837450295686721802e-02,-1.279654383659362793e+00,8.481987714767456055e-01,-1.614184260368347168e+00,-1.500950336456298828e+00,-1.594395756721496582e+00,-1.171942472457885742e+00,-1.832590579986572266e+00,-1.721868634223937988e+00,2.411524206399917603e-01,-5.139310956001281738e-01,-1.318195819854736328e+00,-1.845532417297363281e+00,2.020466089248657227e+00,5.512942001223564148e-02,-1.810102701187133789e+00,-1.878587484359741211e+00,-1.874980926513671875e+00,-1.700082302093505859e+00
-1.289661288261413574e+00,-1.286249876022338867e+00,-8.297147750854492188e-01,-8.651289939880371094e-01,-1.493782639503479004e+00,-1.345198750495910645e+00,2.196574956178665161e-01,-6.763064265251159668e-01,-1.519709825515747070e+00,-1.139516115188598633e+00,-1.016115307807922363e+00,-1.006534576416015625e+00,-1.289025425910949707e+00,-5.380801558494567871e-01,-1.668144464492797852e+00,-2.906964160501956940e-02,-1.906815767288208008e+00,-8.888335227966308594e-01,-6.411789059638977051e-01,-1.143174648284912109e+00,-7.460541129112243652e-01,1.214986205101013184e+00,-1.527166366577148438e+00,-1.778311610221862793e+00,-2.082162201404571533e-01,9.642210602760314941e-01,-1.346463918685913086e+00,-2.595277726650238037e-01,-1.319132328033447266e+00,-8.187770843505859375e-01,-1.126560926437377930e+00,-8.866014480590820312e-01,-1.298718571662902832e+00,-7.600793242454528809e-01,6.103705167770385742e-01,-1.435078144073486328e+00,-5.816949903964996338e-02,-1.086019873619079590e+00,-1.799586176872253418e+00,-1.457397937774658203e+00,-1.162922143936157227e+00,-2.273466885089874268e-01,-1.649163126945495605e+00,1.167472958564758301e+00,-9.839308261871337891e-01,-1.120723128318786621e+00,-1.549308180809020996e+00,1.686683893203735352e+00,7.301767170429229736e-02,-1.137461304664611816e+00,-1.179500818252563477e+00,-8.633917570114135742e-01,-1.722008466720581055e+00
-1.159878015518188477e+00,-1.898165106773376465e+00,-1.890971183776855469e+00,-4.437505006790161133e-01,-1.285135626792907715e+00,-2.436908006668090820e+00,-6.316649913787841797e-01,-9.359343647956848145e-01,-1.173481106758117676e+00,-1.446587562561035156e+00,-1.129048228263854980e+00,-1.538346767425537109e+00,-9.488047957420349121e-01,-1.760657072067260742e+00,-1.403122067451477051e+00,8.234932422637939453e-01,-1.172490715980529785e+00,-6.571810841560363770e-01,-6.674040555953979492e-01,-7.674828171730041504e-01,-1.014790773391723633e+00,8.175799250602722168e-01,-1.183763265609741211e+00,-7.560399770736694336e-01,3.489130139350891113e-01,-5.609133243560791016e-01,-8.881297707557678223e-01,-5.830340981483459473e-01,-1.282821536064147949e+00,-1.251027464866638184e+00,-2.741031646728515625e-01,-1.055016517639160156e+00,-1.478320240974426270e+00,-5.488567948341369629e-01,-6.597619652748107910e-01,-1.191724300384521484e+00,-3.758472800254821777e-01,-7.694244980812072754e-01,-1.192121148109436035e+00,-1.754268646240234375e+00,-7.272705435752868652e-01,-2.098164707422256470e-01,-9.112599492073059082e-01,-6.451492011547088623e-02,-1.262110590934753418e+00,-8.996075391769409180e-01,-1.561177253723144531e+00,1.250167012214660645e+00,1.375262260437011719e+00,-7.207121849060058594e-01,-8.029030561447143555e-01,-1.793215274810791016e-01,-1.189241409301757812e+00
-1.085294604301452637e+00,-8.503268361091613770e-01,-5.060092210769653320e-01,-1.101554155349731445e+00,-2.169340372085571289e+00,-2.162094354629516602e+00,2.061023116111755371e-01,-2.248706817626953125e+00,-1.626713156700134277e+00,-1.408332705497741699e+00,-4.637750089168548584e-01,-8.198992013931274414e-01,7.636388391256332397e-02,-1.184699177742004395e+00,-1.393951654434204102e+00,1.068397283554077148e+00,-1.634909272193908691e+00,-9.928047657012939453e-01,-1.239388346672058105e+00,-8.307899832725524902e-01,-2.218302011489868164e+00,1.166966676712036133e+00,-1.500443339347839355e+00,-2.166460275650024414e+00,-8.116025924682617188e-01,5.039280652999877930e-01,-5.287449359893798828e-01,7.031841278076171875e-01,-9.821690320968627930e-01,-9.797064661979675293e-01,-1.997450232505798340e+00,-7.313600778579711914e-01,-1.243839144706726074e+00,-4.659149348735809326e-01,1.210022687911987305e+00,-6.933801770210266113e-01,1.599904745817184448e-01,-1.596925258636474609e+00,-1.365802168846130371e+00,-1.366601347923278809e+00,-9.420860409736633301e-01,-9.575159549713134766e-01,-1.630847334861755371e+00,-1.060825228691101074e+00,-9.730341434478759766e-01,-1.165079832077026367e+00,-1.242183685302734375e+00,1.627116322517395020e+00,-4.206065237522125244e-01,-1.338034510612487793e+00,-1.723336100578308105e+00,5.517390742897987366e-02,-1.672693371772766113e+00
-9.739828109741210938e-01,-1.992575764656066895e+00,-1.724815368652343750e+00,-1.526664942502975464e-01,-1.540281653404235840e+00,-1.988790392875671387e+00,-1.476361602544784546e-01,-7.918011546134948730e-01,-1.432395577430725098e+00,-1.423868536949157715e+00,-6.397829055786132812e-01,-9.112866520881652832e-01,-1.748376488685607910e-01,-7.483934164047241211e-01,-1.302897810935974121e+00,9.014887213706970215e-01,-1.210425257682800293e+00,-8.265694975852966309e-01,-1.454498469829559326e-01,-9.555752277374267578e-01,-1.308559179306030273e+00,8.510651588439941406e-01,-1.104888796806335449e+00,-1.253467202186584473e+00,1.114758923649787903e-01,1.386839628219604492e+00,-6.384031176567077637e-01,-3.777208626270294189e-01,-2.288504362106323242e+00,-1.058855533599853516e+00,-8.606842756271362305e-01,-5.249655842781066895e-01,-1.193657994270324707e+00,-7.289745807647705078e-01,3.549210131168365479e-01,-4.537707865238189697e-01,-2.346832603216171265e-01,-5.078930258750915527e-01,-8.922268748283386230e-01,-1.378401875495910645e+00,-9.218295216560363770e-01,3.436188101768493652e-01,-9.230613708496093750e-01,1.429200887680053711e+00,-1.119012713432312012e+00,-1.027332186698913574e+00,-1.341645598411560059e+00,1.186730146408081055e+00,7.196418642997741699e-01,-5.605137944221496582e-01,-1.653076052665710449e+00,-1.102368831634521484e+00,-1.727290153503417969e+00
-7.214972376823425293e-01,-3.049158751964569092e-01,-5.377350449562072754e-01,-1.904701590538024902e-01,-7.257495522499084473e-01,-1.290921449661254883e+00,5.610386133193969727e-01,-8.910461068153381348e-01,-1.572813987731933594e+00,-1.355289816856384277e+00,-9.207117557525634766e-01,-1.153772711753845215e+00,-5.225061178207397461e-01,-1.137295961380004883e+00,-1.972829580307006836e+00,5.377334356307983398e-01,-1.534843444824218750e+00,-9.500328451395034790e-03,-1.961944818496704102e+00,1.176501736044883728e-01,-2.180042505264282227e+00,1.947271585464477539e+00,-1.558446764945983887e+00,-8.615886569023132324e-01,1.158631920814514160e+00,8.535306900739669800e-02,-6.986919045448303223e-01,5.335514247417449951e-02,1.309035271406173706e-01,-6.291973590850830078e-01,-8.400489091873168945e-01,-7.935047149658203125e-01,-1.421877980232238770e+00,-9.860063195228576660e-01,-4.317165166139602661e-02,-6.374097466468811035e-01,-7.595666050910949707e-01,-1.993457555770874023e+00,-9.510895013809204102e-01,-9.455671906471252441e-01,-8.422457426786422729e-02,-2.141840696334838867e+00,-1.620189785957336426e+00,-1.074898123741149902e+00,-2.090027093887329102e+00,1.053249463438987732e-01,-9.627941250801086426e-01,1.274444699287414551e+00,7.193688154220581055e-01,-2.938059866428375244e-01,-2.268129885196685791e-01,6.771290898323059082e-01,-7.652676105499267578e-01
-9.745192527770996094e-01,-4.614446461200714111e-01,-1.082442045211791992e+00,8.284584283828735352e-01,-6.584722399711608887e-01,-9.164196848869323730e-01,-4.225757122039794922e-01,-2.191655188798904419e-01,-1.196385264396667480e+00,-1.402128934860229492e+00,-4.287545680999755859e-01,-5.996826291084289551e-01,-2.846345305442810059e-01,-1.290508270263671875e+00,-1.087923049926757812e+00,1.280702471733093262e+00,-1.373318076133728027e+00,-9.672214388847351074e-01,-1.846694588661193848e+00,-8.435162901878356934e-01,-1.368479013442993164e+00,2.067463636398315430e+00,-1.370038986206054688e+00,-1.079737544059753418e+00,1.064824819564819336e+00,-1.134252846240997314e-01,-5.602071285247802734e-01,2.930339276790618896e-01,1.656026691198348999e-01,-3.023394346237182617e-01,-3.056456744670867920e-01,-1.271721720695495605e-01,-1.607000946998596191e+00,-6.390517950057983398e-02,-2.985982000827789307e-01,-6.239198446273803711e-01,-1.276383042335510254e+00,-1.744589090347290039e+00,-6.955356597900390625e-01,-1.102481722831726074e+00,-9.668371081352233887e-01,-2.143284559249877930e+00,-1.324736475944519043e+00,-7.175087928771972656e-01,-1.312680125236511230e+00,2.058599144220352173e-01,-7.250955104827880859e-01,8.873287439346313477e-01,9.680320024490356445e-01,-9.498678147792816162e-02,-3.743260204792022705e-01,2.431163638830184937e-01,-9.508095979690551758e-01
-6.844111680984497070e-01,7.789979577064514160e-01,-2.638822607696056366e-02,-4.291970133781433105e-01,-3.441663086414337158e-01,-4.826505780220031738e-01,1.179709434509277344e+00,-5.075978040695190430e-01,-1.022142648696899414e+00,-7.979603856801986694e-02,-6.508440375328063965e-01,1.555407047271728516e-01,1.440170168876647949e+00,9.213770031929016113e-01,-1.124145627021789551e+00,2.035820484161376953e+00,-4.801783263683319092e-01,-1.060187458992004395e+00,-9.182429909706115723e-01,-1.571354269981384277e+00,-3.705260753631591797e-01,7.435033321380615234e-01,-1.374406576156616211e+00,-5.526360273361206055e-01,1.524087786674499512e-01,-1.862560510635375977e+00,-3.982558250427246094e-01,-7.175764441490173340e-01,-1.109160482883453369e-01,-5.393092036247253418e-01,-6.895530819892883301e-01,9.246009588241577148e-01,-3.036675155162811279e-01,-3.069874644279479980e-01,-6.864200830459594727e-01,2.186244130134582520e-01,1.453034400939941406e+00,7.574364542961120605e-01,-2.007622122764587402e-01,-6.437696218490600586e-01,3.602173626422882080e-01,-4.245797693729400635e-01,5.577250719070434570e-01,1.172907590866088867e+00,-1.971587836742401123e-01,-9.026244878768920898e-01,-3.896118998527526855e-01,9.997049570083618164e-01,1.740394592285156250e+00,-6.437621116638183594e-01,-6.677547693252563477e-01,7.055211067199707031e-01,-9.655768275260925293e-01
-5.431837439537048340e-01,1.011543255299329758e-02,3.441864252090454102e-01,6.584764719009399414e-01,-1.665250360965728760e-01,-9.458072781562805176e-01,7.517511397600173950e-02,-2.717394232749938965e-01,-1.174591779708862305e+00,-4.336329102516174316e-01,6.417221575975418091e-02,3.601720184087753296e-02,1.363529562950134277e-01,8.748298287391662598e-01,-1.234684467315673828e+00,1.797194361686706543e+00,5.120036378502845764e-02,-1.695112437009811401e-01,-3.879362344741821289e-01,-5.126065611839294434e-01,-1.074757337570190430e+00,1.627864718437194824e+00,-1.014500021934509277e+00,-3.011859357357025146e-01,6.161965727806091309e-01,-1.918030619621276855e+00,6.761445403099060059e-01,1.501461118459701538e-01,8.762257546186447144e-02,-1.111595630645751953e+00,-6.606501936912536621e-01,2.294184267520904541e-01,-1.190004944801330566e+00,2.682334184646606445e-01,-9.309561848640441895e-01,-4.379170238971710205e-01,3.778468072414398193e-02,2.259967774152755737e-01,1.781672537326812744e-01,7.017602026462554932e-02,7.917716503143310547e-01,-3.101035058498382568e-01,8.541269302368164062e-01,-3.999135196208953857e-01,2.166351228952407837e-01,-3.773032128810882568e-01,1.670710146427154541e-01,3.667569458484649658e-01,2.318142890930175781e+00,-1.322421133518218994e-01,-1.330977678298950195e+00,-1.784847974777221680e-01,-1.248902440071105957e+00
-2.283456772565841675e-01,-9.990702867507934570e-01,-3.855979442596435547e-01,1.227741122245788574e+00,-6.698308587074279785e-01,-1.482571005821228027e+00,-3.467637673020362854e-02,-7.602474838495254517e-02,-1.087791919708251953e+00,-7.370390295982360840e-01,3.862070143222808838e-01,-6.947367191314697266e-01,3.488275706768035889e-01,-5.837975069880485535e-02,-1.308420658111572266e+00,1.767157196998596191e+00,-7.454319000244140625e-01,-2.862383425235748291e-02,-1.836194038391113281e+00,1.867042928934097290e-01,-1.410865068435668945e+00,2.014595746994018555e+00,-1.155227541923522949e+00,7.852017134428024292e-02,1.823330760002136230e+00,-7.152961492538452148e-01,6.046041846275329590e-01,-7.993952631950378418e-01,-9.712868332862854004e-01,-2.838726043701171875e-01,1.166878417134284973e-01,-4.395167827606201172e-01,-1.541883707046508789e+00,5.178139209747314453e-01,1.905428320169448853e-01,-2.314776331186294556e-01,-1.734376907348632812e+00,-2.002807378768920898e+00,5.304244905710220337e-02,4.379595220088958740e-01,1.218935966491699219e+00,-2.251725912094116211e+00,-5.186381936073303223e-01,-2.479608535766601562e+00,-1.500680088996887207e+00,3.421852588653564453e-01,1.438731849193572998e-01,2.815410308539867401e-02,2.754960060119628906e+00,9.253547787666320801e-01,-6.565436720848083496e-01,-3.334839046001434326e-01,-8.182961940765380859e-01
-6.760605573654174805e-01,-1.807318091392517090e+00,-1.531011819839477539e+00,4.485237598419189453e-01,-4.817054569721221924e-01,-1.831337094306945801e+00,-7.726752161979675293e-01,-1.174044489860534668e+00,-1.273714780807495117e+00,-1.321595549583435059e+00,-6.688581705093383789e-01,-1.890738844871520996e+00,7.672719191759824753e-03,-5.121707320213317871e-01,-1.263434529304504395e+00,1.007025599479675293e+00,-7.473909854888916016e-01,-4.882636368274688721e-01,-2.024075746536254883e+00,-2.353652119636535645e-01,-1.584779024124145508e+00,1.833036303520202637e+00,-8.885841369628906250e-01,1.740465164184570312e-01,1.773355007171630859e+00,-1.056056976318359375e+00,-4.746466875076293945e-02,-1.810833930969238281e+00,-4.586651325225830078e-01,-8.562174439430236816e-01,-7.366259694099426270e-01,-6.394645571708679199e-02,-1.624748468399047852e+00,-7.161514759063720703e-01,-7.558596730232238770e-01,-5.203377008438110352e-01,-2.066423892974853516e+00,-1.352480411529541016e+00,-3.986992537975311279e-01,-5.142392516136169434e-01,1.076690703630447388e-01,-2.150921344757080078e+00,-6.714657545089721680e-01,-2.442701905965805054e-01,-1.005630373954772949e+00,7.748201489448547363e-01,-6.092274188995361328e-01,-2.335365712642669678e-01,2.284909248352050781e+00,7.243875265121459961e-01,-1.822644472122192383e-01,-4.140134751796722412e-01,-2.862147390842437744e-01
-2.837423086166381836e-01,-3.717490136623382568e-01,-1.773213744163513184e+00,-6.330592185258865356e-02,-7.485523223876953125e-01,-7.526727914810180664e-01,-5.151268839836120605e-01,-1.099330902099609375e+00,-9.510916471481323242e-01,-1.182089447975158691e+00,-2.841565907001495361e-01,-8.670680522918701172e-01,-5.648574233055114746e-01,3.278347849845886230e-02,-1.002766728401184082e+00,-3.051322996616363525e-01,-9.739823937416076660e-01,-3.892677724361419678e-01,-1.203761219978332520e+00,-4.484561383724212646e-01,-2.066872119903564453e+00,1.132819533348083496e+00,-1.072002887725830078e+00,-6.430118083953857422e-01,4.753468930721282959e-01,-1.527585182338953018e-02,-5.862429141998291016e-01,-1.866963952779769897e-01,-1.437652230262756348e+00,-7.690969109535217285e-01,-6.546020507812500000e-01,-9.588164687156677246e-01,-1.126561641693115234e+00,-6.765557527542114258e-01,-2.226174622774124146e-01,-2.429881542921066284e-01,-1.341141343116760254e+00,-1.249993085861206055e+00,-2.701137959957122803e-01,-4.715133607387542725e-01,-2.267311364412307739e-01,-1.688453793525695801e+00,-1.219974756240844727e+00,-1.815374255180358887e+00,-1.236904025077819824e+00,-8.064372092485427856e-02,-3.056990802288055420e-01,5.003517270088195801e-01,1.989666223526000977e-01,-9.266068786382675171e-02,-2.896127998828887939e-01,3.178521394729614258e-01,-7.630531191825866699e-01
-2.617124021053314209e-01,-7.708836793899536133e-01,-6.991530060768127441e-01,-5.049389004707336426e-01,-3.441663086414337158e-01,-5.292528867721557617e-01,-5.630703568458557129e-01,4.315367639064788818e-01,-8.530209064483642578e-01,7.747883349657058716e-02,-5.803056359291076660e-01,-5.746484398841857910e-01,-7.318925857543945312e-02,-1.875093877315521240e-01,-2.905578315258026123e-01,-6.195330023765563965e-01,5.701368208974599838e-03,-3.090473115444183350e-01,-5.118799805641174316e-01,1.434530317783355713e-01,3.094578385353088379e-01,-6.183727979660034180e-01,-5.734318494796752930e-01,-3.335889279842376709e-01,-2.261630296707153320e-01,-8.239030838012695312e-01,-3.266158401966094971e-01,8.843721151351928711e-01,-7.502674460411071777e-01,-6.489407420158386230e-01,-4.777507483959197998e-01,-8.327655196189880371e-01,-7.851888537406921387e-01,-5.430145859718322754e-01,-1.787905454635620117e+00,-2.174267172813415527e-01,-1.398233652114868164e+00,8.173095434904098511e-02,-4.925900697708129883e-01,1.329506337642669678e-01,-6.270853281021118164e-01,-1.674511283636093140e-01,3.699024915695190430e-01,-6.162572652101516724e-02,1.553723365068435669e-01,-3.527206182479858398e-01,5.777100473642349243e-02,-1.044873952865600586e+00,-6.366978585720062256e-02,-7.737752795219421387e-01,7.605316638946533203e-01,8.755688071250915527e-01,2.378512471914291382e-01
-8.506547212600708008e-01,9.454777091741561890e-02,-1.617583274841308594e+00,-1.272385954856872559e+00,-4.592733681201934814e-01,-3.009810447692871094e-01,-1.461684346199035645e+00,-5.173616409301757812e-01,-2.476203143596649170e-01,-2.765160202980041504e-01,-4.091712236404418945e-01,-3.559996783733367920e-01,-5.070136189460754395e-01,-3.545845746994018555e-01,-9.376692026853561401e-02,3.093212246894836426e-01,7.119113951921463013e-02,-5.525956153869628906e-01,-6.667941063642501831e-02,-3.928547799587249756e-01,7.256774902343750000e-01,-7.989178895950317383e-01,-5.565573275089263916e-02,-3.334903717041015625e-01,-5.911113619804382324e-01,-3.212549388408660889e-01,-4.284112751483917236e-01,-6.783547401428222656e-01,-2.237647294998168945e+00,-8.180364370346069336e-01,-9.374596178531646729e-02,-9.099256992340087891e-01,-2.649171948432922363e-01,-7.880772948265075684e-01,-1.305592417716979980e+00,-3.102611005306243896e-01,-6.855384111404418945e-01,2.475186139345169067e-01,-4.537488818168640137e-01,2.373843342065811157e-01,-4.134299755096435547e-01,5.701969936490058899e-02,3.846426010131835938e-01,-3.000553697347640991e-02,4.879104495048522949e-01,-7.472611665725708008e-01,1.560497190803289413e-02,1.172510609030723572e-01,-4.882190842181444168e-04,-5.937375426292419434e-01,-6.389194726943969727e-01,5.807079002261161804e-02,-2.224588394165039062e-01
-4.793292284011840820e-01,4.687913656234741211e-01,3.646373003721237183e-02,-1.384713530540466309e+00,9.711860865354537964e-02,7.140217423439025879e-01,-1.164789676666259766e+00,8.104659616947174072e-02,3.555121123790740967e-01,9.356232881546020508e-01,-5.092951655387878418e-02,8.211635947227478027e-01,-1.460671126842498779e-01,7.360233068466186523e-01,1.757953502237796783e-02,7.159553766250610352e-01,-2.863558232784271240e-01,-3.093544244766235352e-01,8.168481588363647461e-01,-2.011300325393676758e-01,9.674839377403259277e-01,-3.774300217628479004e-01,-3.542960286140441895e-01,-8.807787299156188965e-01,-6.051031947135925293e-01,-1.403458476066589355e+00,1.221390217542648315e-01,-3.088344335556030273e-01,4.661311805248260498e-01,-2.016518831253051758e+00,-1.674639105796813965e+00,1.578440517187118530e-01,-4.314048588275909424e-01,-4.046833217144012451e-01,-6.912857890129089355e-01,-3.984181284904479980e-01,-6.712037324905395508e-01,7.466024905443191528e-02,4.486900568008422852e-02,3.002689182758331299e-01,-2.057011239230632782e-02,8.476144075393676758e-01,2.965227700769901276e-02,-4.896905720233917236e-01,1.444975256919860840e+00,-7.157528996467590332e-01,4.927630722522735596e-01,1.385191231966018677e-01,-2.989774942398071289e-01,-5.546148419380187988e-01,-1.988000571727752686e-01,-4.950248003005981445e-01,-6.593108177185058594e-01
1.231671869754791260e-01,5.293194651603698730e-01,-5.576161742210388184e-01,3.466564118862152100e-01,1.766955107450485229e-01,3.725938796997070312e-01,8.490936458110809326e-02,1.276787638664245605e+00,6.761242151260375977e-01,9.864332675933837891e-01,-2.568291723728179932e-01,9.896597266197204590e-01,3.137077987194061279e-01,3.218271732330322266e-01,-4.549107849597930908e-01,1.036260128021240234e+00,4.851200580596923828e-01,6.104165911674499512e-01,9.422217011451721191e-01,4.617921710014343262e-01,1.707786023616790771e-01,5.100587010383605957e-01,4.686112403869628906e-01,7.082768082618713379e-01,1.216455101966857910e+00,-1.967402338981628418e+00,8.779634833335876465e-01,8.373537063598632812e-01,-5.715923309326171875e-01,3.921593427658081055e-01,8.851945996284484863e-01,-7.966279238462448120e-02,-2.123406901955604553e-02,-4.451825916767120361e-01,3.080082684755325317e-02,4.485513269901275635e-01,-8.644469976425170898e-01,-1.777026802301406860e-02,4.537237286567687988e-01,6.680964231491088867e-01,6.102884411811828613e-01,8.356053829193115234e-01,6.821418404579162598e-01,-4.415891692042350769e-02,4.630796909332275391e-01,3.096325993537902832e-01,4.761798977851867676e-01,-7.737585902214050293e-01,1.003424406051635742e+00,6.915631294250488281e-01,2.150398641824722290e-01,4.095382094383239746e-01,-6.241448968648910522e-02
-3.926579952239990234e-01,-2.355059087276458740e-01,7.041608095169067383e-01,-1.688488423824310303e-01,4.554047882556915283e-01,2.296876609325408936e-01,2.111513912677764893e-01,6.704242825508117676e-01,-1.203318461775779724e-01,8.732694983482360840e-01,-2.551451325416564941e-01,2.649241127073764801e-02,-2.645228244364261627e-02,-1.318594217300415039e-01,-6.745844483375549316e-01,1.321987062692642212e-01,-5.424456000328063965e-01,6.457049846649169922e-01,-1.565682172775268555e+00,8.513389229774475098e-01,3.986293449997901917e-02,1.637401938438415527e+00,2.650207281112670898e-01,3.745569288730621338e-01,1.601810812950134277e+00,-2.301909923553466797e+00,4.670386314392089844e-01,-3.226469159126281738e-01,8.664042353630065918e-01,-5.745667219161987305e-02,-4.710926711559295654e-01,-4.577156901359558105e-01,-9.150255471467971802e-02,-7.931149005889892578e-01,-1.141501188278198242e+00,-4.463639482855796814e-02,-1.527629733085632324e+00,-8.784507513046264648e-01,-1.666715890169143677e-01,4.921449720859527588e-02,-5.282588675618171692e-02,-1.744037508964538574e+00,-5.711213350296020508e-01,1.627840101718902588e-01,1.271285116672515869e-02,1.112611532211303711e+00,-6.491668522357940674e-02,-1.220399737358093262e+00,9.837938547134399414e-01,6.267184615135192871e-01,2.637533545494079590e-01,6.381955146789550781e-01,5.012323260307312012e-01
-7.832060009241104126e-02,5.217534899711608887e-01,-1.075290203094482422e+00,7.573410868644714355e-01,2.670226991176605225e-01,2.287811599671840668e-03,-4.479878544807434082e-01,-9.351958632469177246e-01,-4.350863993167877197e-01,-9.117560982704162598e-01,-5.203179717063903809e-01,-1.014828801155090332e+00,3.462671115994453430e-02,-9.128692746162414551e-01,-3.987400531768798828e-01,-6.601139903068542480e-02,2.784314751625061035e-02,3.193973600864410400e-01,-5.399809032678604126e-02,-4.890739172697067261e-02,-1.062601685523986816e+00,4.627379477024078369e-01,-2.790900170803070068e-01,1.565320342779159546e-01,8.235231041908264160e-01,-1.058289647102355957e+00,2.256066799163818359e-01,3.083995580673217773e-01,3.284641206264495850e-01,5.465010553598403931e-02,4.585146307945251465e-01,-1.677903890609741211e+00,-7.763659954071044922e-01,-9.764756560325622559e-01,-2.084770679473876953e+00,2.623404860496520996e-01,-1.507365226745605469e+00,-1.242589235305786133e+00,-3.355642855167388916e-01,-1.272758394479751587e-01,-6.010068207979202271e-02,-6.993923187255859375e-01,-2.849910557270050049e-01,-2.068513154983520508e+00,-1.421741366386413574e+00,5.141366124153137207e-01,-3.838729858398437500e-01,-5.742259621620178223e-01,4.555940162390470505e-03,2.014583349227905273e-01,8.331700414419174194e-02,6.039780378341674805e-01,6.366591453552246094e-01
-4.156892597675323486e-01,5.369951725006103516e-01,1.082322001457214355e+00,-5.566091537475585938e-01,7.314906120300292969e-01,7.741954922676086426e-01,-1.637082844972610474e-01,3.363393545150756836e-01,-1.732605546712875366e-01,3.685932457447052002e-01,-3.554221987724304199e-01,-5.471192598342895508e-01,-8.295013904571533203e-01,2.516253292560577393e-01,-5.293679833412170410e-01,-1.415704727172851562e+00,-3.329823017120361328e-01,8.619910106062889099e-03,-4.397371411323547363e-01,-1.571652740240097046e-01,2.285982966423034668e-01,2.160605043172836304e-03,-5.632553100585937500e-01,8.246687799692153931e-02,-8.402743935585021973e-02,-7.682780623435974121e-01,-1.675106436014175415e-01,6.171097513288259506e-03,1.030477881431579590e+00,-2.497455179691314697e-01,1.377588957548141479e-01,-1.026366710662841797e+00,-1.708991080522537231e-01,-9.754607081413269043e-01,-1.193130373954772949e+00,-5.782938003540039062e-01,-2.408823519945144653e-01,-1.194058537483215332e+00,-3.972206115722656250e-01,1.201933473348617554e-01,-1.767900735139846802e-01,-9.432782530784606934e-01,-6.710100173950195312e-01,-1.066281795501708984e+00,-1.447574198246002197e-01,3.669268190860748291e-01,-2.497354447841644287e-01,-3.085553050041198730e-01,-5.486541390419006348e-01,-2.673662006855010986e-01,4.328899085521697998e-01,-1.236658692359924316e-01,6.386100500822067261e-02
-8.124421238899230957e-01,-8.874441981315612793e-01,-1.028391122817993164e-01,7.370724081993103027e-01,-9.890557080507278442e-02,4.110722839832305908e-01,-1.186957120895385742e+00,7.034109234809875488e-01,-2.160057276487350464e-01,2.468768954277038574e-01,-7.874555587768554688e-01,-6.364331841468811035e-01,-1.381236433982849121e+00,-4.643760621547698975e-02,4.046556055545806885e-01,-1.180541872978210449e+00,-2.517238073050975800e-02,-1.028246760368347168e+00,-1.633781641721725464e-01,-1.100935220718383789e+00,9.402340054512023926e-01,-1.353313207626342773e+00,9.238264709711074829e-02,-2.625115811824798584e-01,-1.476753234863281250e+00,-5.241169929504394531e-01,-1.015495896339416504e+00,-1.028968334197998047e+00,4.788316786289215088e-01,-6.133909225463867188e-01,2.456820756196975708e-01,-6.942615509033203125e-01,4.547382891178131104e-02,-1.247778654098510742e+00,-1.762326002120971680e+00,-7.440050840377807617e-01,-5.643180608749389648e-01,-4.527590423822402954e-02,-1.536657959222793579e-01,-9.601060748100280762e-01,-1.277761459350585938e+00,-2.780928909778594971e-01,-2.315360605716705322e-01,8.579710721969604492e-01,-7.407427430152893066e-01,-5.800253152847290039e-01,-5.422611236572265625e-01,-5.181885361671447754e-01,-8.144604563713073730e-01,-8.443893194198608398e-01,-5.439890623092651367e-01,-8.951053619384765625e-01,-3.791857883334159851e-02
-5.935199260711669922e-01,7.203339338302612305e-01,-3.607240319252014160e-01,-9.738375544548034668e-01,-1.191800013184547424e-01,4.614214003086090088e-01,-1.306527614593505859e+00,-3.730262815952301025e-01,-2.707817405462265015e-02,4.205407202243804932e-01,-3.310418725013732910e-01,-1.562066078186035156e-01,-5.279470682144165039e-01,4.612704813480377197e-01,6.593312621116638184e-01,3.030103445053100586e-02,5.066701173782348633e-01,-3.736249804496765137e-01,8.246858716011047363e-01,-7.855409383773803711e-01,1.061332702636718750e+00,-1.435738325119018555e+00,5.959772467613220215e-01,1.071031615138053894e-01,-8.929401040077209473e-01,4.917946159839630127e-01,-4.537051022052764893e-01,-7.270608544349670410e-01,-3.442777991294860840e-01,-4.862183332443237305e-01,-7.013110518455505371e-01,-1.489988565444946289e+00,-5.488858744502067566e-02,-2.456815689802169800e-01,-1.894595146179199219e+00,-3.040834665298461914e-01,-9.837193787097930908e-02,5.653849244117736816e-01,1.893923729658126831e-01,-3.291487693786621094e-01,-6.127865910530090332e-01,6.129789352416992188e-01,4.850707054138183594e-01,-6.397365033626556396e-02,8.586341142654418945e-01,-5.869619250297546387e-01,-1.394106298685073853e-01,7.663120627403259277e-01,-1.798242777585983276e-01,-1.011231467127799988e-01,-5.263234972953796387e-01,-1.192920207977294922e-01,8.622557669878005981e-02
-5.234605669975280762e-01,5.692877769470214844e-01,8.640644699335098267e-02,2.401857376098632812e-01,2.298481762409210205e-01,7.406553030014038086e-01,-2.129102230072021484e+00,8.262026309967041016e-01,-1.787323206663131714e-01,3.882789313793182373e-01,-2.966976165771484375e-01,2.747607827186584473e-01,-9.308902621269226074e-01,6.923363208770751953e-01,3.483277931809425354e-02,5.956857651472091675e-02,3.631203770637512207e-01,-1.136968135833740234e-01,6.839877963066101074e-01,-9.945195317268371582e-01,-6.377233266830444336e-01,-5.661071538925170898e-01,-6.634581089019775391e-01,2.878814637660980225e-01,-3.234872221946716309e-01,-1.221577405929565430e+00,5.511704832315444946e-02,-3.296877741813659668e-01,5.414802432060241699e-01,-1.124653935432434082e+00,-1.914232075214385986e-01,-1.050491780042648315e-01,1.917447447776794434e-01,2.254566848278045654e-01,-3.383271098136901855e-01,-4.128031432628631592e-01,-4.004030227661132812e-01,2.796231210231781006e-01,2.584859728813171387e-01,1.388453692197799683e-01,-1.142435595393180847e-01,6.270872354507446289e-01,5.532286167144775391e-01,5.377315878868103027e-01,1.316531598567962646e-01,-3.115587234497070312e-01,-4.183064214885234833e-03,-4.746068120002746582e-01,2.642399072647094727e-01,1.691034585237503052e-01,-1.041412234306335449e+00,-8.041355609893798828e-01,-4.226244986057281494e-01
5.847222637385129929e-03,2.746518254280090332e-01,-2.630576193332672119e-01,-7.116622328758239746e-01,9.752733260393142700e-02,3.139827251434326172e-01,-7.778759002685546875e-01,6.214962601661682129e-01,1.394713073968887329e-01,7.072314023971557617e-01,1.990741938352584839e-01,4.022075533866882324e-01,-9.632851928472518921e-02,3.074266714975237846e-03,8.529941737651824951e-02,2.591090202331542969e-01,4.800903797149658203e-01,5.794073939323425293e-01,2.178550362586975098e-01,9.192643761634826660e-01,-4.987366795539855957e-01,1.136529147624969482e-01,8.412750363349914551e-01,8.213162422180175781e-01,8.056458234786987305e-01,-1.236072659492492676e+00,7.686596512794494629e-01,1.787568092346191406e+00,-1.246786236763000488e+00,2.215629070997238159e-01,-9.343842975795269012e-03,2.103786468505859375e-01,-1.303731054067611694e-01,-1.763797923922538757e-02,-4.168669283390045166e-01,9.561429917812347412e-02,-8.273498415946960449e-01,-8.565782755613327026e-02,4.580715596675872803e-01,1.230659365653991699e+00,-4.348153714090585709e-03,-1.210207398980855942e-02,5.604638457298278809e-01,-2.059600591659545898e+00,1.736525416374206543e+00,1.634726226329803467e-01,1.172646045684814453e+00,-6.410163044929504395e-01,-1.160017773509025574e-01,2.940596640110015869e-01,1.424807667732238770e+00,1.958084106445312500e+00,6.531356573104858398e-01
-5.133754387497901917e-02,-3.413204550743103027e-01,8.944559097290039062e-01,5.962399244308471680e-01,1.776935458183288574e-01,1.459105908870697021e-01,-2.560926973819732666e-02,-3.076075389981269836e-02,-1.866827309131622314e-01,1.901580989360809326e-01,-2.448495179414749146e-01,-1.012746766209602356e-01,2.181145548820495605e-01,1.803378462791442871e-01,3.211487829685211182e-01,-5.575346201658248901e-02,1.636044830083847046e-01,3.683117628097534180e-01,1.543861329555511475e-01,-1.530788373202085495e-03,-3.477813303470611572e-01,2.319089770317077637e-01,-4.557848870754241943e-01,1.031114012002944946e-01,-2.213114127516746521e-02,-6.488807797431945801e-01,1.102451682090759277e-01,-1.286508142948150635e-01,1.195336699485778809e+00,-5.634184479713439941e-01,-1.956979036331176758e-01,-5.321530625224113464e-02,2.411028556525707245e-02,-4.644667804241180420e-01,-9.166573882102966309e-01,2.772234678268432617e-01,-6.331268548965454102e-01,-6.230170130729675293e-01,3.071113824844360352e-01,2.925705611705780029e-01,-2.576699256896972656e-01,-3.321234583854675293e-01,-3.542184531688690186e-01,-1.685843318700790405e-01,-6.131289005279541016e-01,2.739216685295104980e-01,1.785767823457717896e-01,-4.862688183784484863e-01,-1.133084762841463089e-02,6.537357717752456665e-02,-2.576715648174285889e-01,2.975929975509643555e-01,2.227506488561630249e-01
2.471211552619934082e-02,1.857785582542419434e-01,4.036498963832855225e-01,1.014445662498474121e+00,2.384978383779525757e-01,-3.917769715189933777e-02,-8.497001230716705322e-02,-2.423028051853179932e-01,-4.154441952705383301e-01,-2.590316832065582275e-01,-1.318311572074890137e+00,-8.388982415199279785e-01,-3.373660743236541748e-01,-4.735675454139709473e-01,-6.978036463260650635e-02,-1.423346042633056641e+00,3.471997380256652832e-01,1.402834057807922363e-01,6.200171709060668945e-01,-1.322575211524963379e-01,-5.718597173690795898e-01,-1.697981059551239014e-01,8.706565946340560913e-02,8.832132220268249512e-01,3.064857125282287598e-01,-8.694866895675659180e-01,-7.485597133636474609e-01,-8.511247634887695312e-01,-1.704652458429336548e-01,7.536023259162902832e-01,1.122850060462951660e+00,-7.075152993202209473e-01,2.844125926494598389e-01,-1.239609479904174805e+00,-5.934323668479919434e-01,4.120593070983886719e-01,-8.899996280670166016e-01,-5.142537951469421387e-01,3.007626347243785858e-02,-4.061323404312133789e-01,5.968259181827306747e-03,4.336360991001129150e-01,1.533669531345367432e-01,-2.415931075811386108e-01,-5.520696640014648438e-01,5.281805396080017090e-01,-3.092858791351318359e-01,-9.690545797348022461e-01,2.410205751657485962e-01,3.478081226348876953e-01,3.107097744941711426e-01,-1.450216770172119141e-01,5.487886071205139160e-01
-3.230277597904205322e-01,4.491087496280670166e-01,1.153135448694229126e-01,-1.142679303884506226e-01,-6.154092773795127869e-02,1.552086025476455688e-01,-2.824904024600982666e-01,-7.004984021186828613e-01,9.808238595724105835e-02,-2.915883660316467285e-01,-2.464187443256378174e-01,-2.035186886787414551e-01,-2.015494275838136673e-03,4.873417317867279053e-02,2.251240015029907227e-01,-2.643974125385284424e-01,5.342013835906982422e-01,-2.716909646987915039e-01,-1.556454151868820190e-01,1.881053554825484753e-03,-5.744098424911499023e-01,4.079534113407135010e-01,2.726509273052215576e-01,3.566890358924865723e-01,-4.141248017549514771e-02,-6.772084236145019531e-01,-2.392502874135971069e-01,3.568778634071350098e-01,1.462075263261795044e-01,-5.136213302612304688e-01,-7.731197476387023926e-01,1.172418519854545593e-01,-5.557758212089538574e-01,-6.986001133918762207e-01,-4.679453670978546143e-01,-2.524121701717376709e-01,-5.033068060874938965e-01,-2.778057754039764404e-01,-7.090573757886886597e-02,-4.853924214839935303e-01,-3.103076815605163574e-01,-7.746945619583129883e-01,6.675133109092712402e-01,6.284851431846618652e-01,8.569902181625366211e-01,5.473018288612365723e-01,-2.450306713581085205e-01,-7.122717052698135376e-02,9.152048230171203613e-01,2.465554624795913696e-01,2.349654287099838257e-01,3.030951619148254395e-01,4.036259949207305908e-01
-4.826551675796508789e-01,-8.030666708946228027e-01,-1.586502075195312500e+00,-7.115560173988342285e-01,-1.862101405858993530e-01,-2.912341058254241943e-01,-6.894488334655761719e-01,1.040491387248039246e-01,1.745583489537239075e-02,-6.086975932121276855e-01,-8.615406751632690430e-01,5.348466038703918457e-01,-9.082353711128234863e-01,-3.163049817085266113e-01,2.382159978151321411e-01,-3.499901294708251953e-01,2.362829297780990601e-01,-6.589829176664352417e-02,-6.283599138259887695e-02,-2.435250878334045410e-01,-3.315041959285736084e-01,-3.344024717807769775e-01,2.245822697877883911e-01,4.864896535873413086e-01,-2.074794471263885498e-01,3.843384981155395508e-01,-2.136796116828918457e-01,2.260319739580154419e-01,-1.682970643043518066e+00,-1.165115311741828918e-01,-4.833785891532897949e-01,-6.336785554885864258e-01,-7.969249486923217773e-01,-1.082749128341674805e+00,-5.002265423536300659e-02,-4.461370408535003662e-01,-8.621323704719543457e-01,-5.017982125282287598e-01,2.141832746565341949e-02,-2.429381571710109711e-02,-2.895598709583282471e-01,-3.448160886764526367e-01,6.780917942523956299e-02,-9.370270371437072754e-01,2.619285583496093750e-01,1.316435486078262329e-01,2.855849564075469971e-01,-4.866197109222412109e-01,2.625808715820312500e-01,-2.327176183462142944e-02,2.223522067070007324e-01,-5.915537476539611816e-01,3.689016774296760559e-02
-6.974645853042602539e-01,-4.951079487800598145e-01,-6.506046652793884277e-01,-2.255685180425643921e-01,-2.895783782005310059e-01,5.330256223678588867e-01,-1.941922664642333984e+00,9.390982985496520996e-01,1.910554617643356323e-01,-5.287435650825500488e-02,-1.072301030158996582e+00,-1.267159938812255859e+00,-1.445481419563293457e+00,-1.590737253427505493e-01,4.385900795459747314e-01,-1.164149045944213867e+00,7.449360936880111694e-02,-5.968212485313415527e-01,7.301186770200729370e-02,-3.708789050579071045e-01,1.167607665061950684e+00,-1.195416569709777832e+00,4.457896351814270020e-01,6.738406419754028320e-02,-1.155302524566650391e+00,-3.795143663883209229e-01,-7.462673187255859375e-01,-7.377049922943115234e-01,-6.939415931701660156e-01,-3.981427848339080811e-01,3.043642938137054443e-01,-1.569631323218345642e-02,1.560186129063367844e-02,-7.335666418075561523e-01,-1.610938310623168945e+00,-6.038300395011901855e-01,-1.488756537437438965e-01,-7.254020571708679199e-01,8.929756283760070801e-02,2.631078362464904785e-01,-1.158020019531250000e+00,-4.196814894676208496e-01,-4.542512893676757812e-01,4.383927881717681885e-01,1.151828169822692871e+00,8.085801452398300171e-02,1.548758447170257568e-01,-1.373538732528686523e+00,-1.593035697937011719e+00,-6.532446146011352539e-01,4.196673333644866943e-01,1.475762575864791870e-01,7.500336766242980957e-01
-7.574388980865478516e-01,8.698175847530364990e-02,-9.297501444816589355e-01,-1.928752064704895020e+00,-2.741040289402008057e-01,-6.160688400268554688e-02,-1.478393316268920898e+00,-1.075595140457153320e+00,2.603877484798431396e-01,2.411997504532337189e-02,-4.631115794181823730e-01,3.117641806602478027e-01,-2.693496346473693848e-01,-4.987567067146301270e-01,4.310611784458160400e-01,-5.232535600662231445e-01,2.152606248855590820e-01,-8.184614777565002441e-01,-1.215891614556312561e-01,2.619723975658416748e-01,1.071553006768226624e-01,-1.521192550659179688e+00,8.729180097579956055e-01,-1.369167864322662354e-01,-2.060747146606445312e+00,-1.462670713663101196e-01,1.253616530448198318e-02,7.585687041282653809e-01,-1.498386025428771973e+00,-7.593908905982971191e-01,-8.518222570419311523e-01,-1.491410017013549805e+00,3.663524091243743896e-01,-5.435096621513366699e-01,-6.771132946014404297e-01,-1.904217302799224854e-01,1.579107493162155151e-01,-4.382436573505401611e-01,-1.083878055214881897e-01,2.520442008972167969e-01,-4.032912552356719971e-01,-4.635838866233825684e-01,-1.480614393949508667e-01,-1.083004355430603027e+00,5.977858304977416992e-01,-7.187846302986145020e-01,-4.253868758678436279e-02,1.675069034099578857e-01,-1.103284835815429688e+00,-6.848816871643066406e-01,-4.437341690063476562e-01,2.565231621265411377e-01,6.837785243988037109e-02
-5.518383383750915527e-01,2.960340380668640137e-01,3.105564117431640625e-01,-1.047894001007080078e+00,3.848957717418670654e-01,1.087427139282226562e+00,-1.066476702690124512e+00,1.198244214057922363e+00,-4.404295235872268677e-02,3.859090805053710938e-01,-1.018564820289611816e+00,5.375102162361145020e-01,-6.535391807556152344e-01,1.098076939582824707e+00,4.639402329921722412e-01,-1.358917832374572754e+00,-3.197084069252014160e-01,1.794517785310745239e-01,4.080256521701812744e-01,-7.986434698104858398e-01,1.017731904983520508e+00,-1.240530252456665039e+00,1.524059027433395386e-01,-9.565307199954986572e-02,-7.680423259735107422e-01,7.419707775115966797e-01,-1.132596015930175781e+00,-1.698677420616149902e+00,4.121057391166687012e-01,-6.041039228439331055e-01,4.280945956707000732e-01,-1.292443275451660156e+00,2.525244951248168945e-01,-9.885066151618957520e-01,-3.733051121234893799e-01,-4.687231183052062988e-01,-3.367104753851890564e-02,-2.149670571088790894e-01,-2.962449193000793457e-01,2.331172525882720947e-01,-1.704455316066741943e-01,4.361681342124938965e-01,-7.516296505928039551e-01,5.627743005752563477e-01,-2.542726695537567139e-01,-3.070023953914642334e-01,-4.029902517795562744e-01,-5.208073258399963379e-01,-8.312196135520935059e-01,1.079395296983420849e-03,-4.952282607555389404e-01,-1.314265966415405273e+00,-1.936304271221160889e-01
-4.170124828815460205e-01,-1.049921568483114243e-02,2.001756727695465088e-01,1.390619874000549316e-01,7.179838418960571289e-01,7.548570036888122559e-01,-1.443792700767517090e+00,1.299059510231018066e+00,-3.469770848751068115e-01,2.523960471153259277e-01,-6.005013585090637207e-01,-8.757920861244201660e-01,-7.651352882385253906e-01,-4.704567492008209229e-01,2.947714328765869141e-01,-1.416254520416259766e+00,-1.785735636949539185e-01,5.380789190530776978e-02,-1.479228258132934570e+00,-3.452835977077484131e-01,7.548529505729675293e-01,2.164582610130310059e-01,6.046346202492713928e-02,2.340820729732513428e-01,1.803020685911178589e-01,1.272949427366256714e-01,-8.046956062316894531e-01,-8.703628778457641602e-01,4.174090921878814697e-01,2.983731925487518311e-01,1.758902907371520996e+00,-1.176522731781005859e+00,2.555949389934539795e-01,-8.034625649452209473e-01,-1.843792200088500977e+00,-5.643941760063171387e-01,-1.128447055816650391e+00,-4.996010363101959229e-01,-3.805150687694549561e-01,-3.135760724544525146e-01,-4.228684008121490479e-01,-1.537549972534179688e+00,-3.680239319801330566e-01,1.709560304880142212e-01,-9.520704150199890137e-01,9.009713530540466309e-01,-6.401951313018798828e-01,-9.282847046852111816e-01,-1.841673403978347778e-01,2.435655444860458374e-01,-1.459275186061859131e-01,7.278974354267120361e-02,6.441302299499511719e-01
-1.022638157010078430e-01,4.704361557960510254e-01,-2.856975197792053223e-01,-2.232031226158142090e-01,4.238952994346618652e-01,6.520695239305496216e-02,-2.253888696432113647e-01,-8.581708669662475586e-01,-7.514309883117675781e-02,2.297717332839965820e-01,-3.257728517055511475e-01,3.408695757389068604e-02,8.885562419891357422e-01,-7.200725674629211426e-01,9.469141811132431030e-02,-2.263891845941543579e-01,2.294141054153442383e-02,4.887857437133789062e-01,-2.216951847076416016e-01,3.563623428344726562e-01,-1.443402171134948730e-01,-3.152707815170288086e-01,1.300417631864547729e-01,4.922738373279571533e-01,-1.208107322454452515e-01,-2.564982771873474121e-01,4.562632646411657333e-03,1.730702817440032959e-01,1.199937537312507629e-01,-2.050353400409221649e-02,-3.638511896133422852e-01,-1.187253952026367188e+00,-1.743117272853851318e-01,-5.560357570648193359e-01,-9.458631277084350586e-01,7.987715005874633789e-01,-5.828981399536132812e-01,-6.350985765457153320e-01,3.071994781494140625e-01,7.364578247070312500e-01,1.389318704605102539e-01,-3.456533551216125488e-01,-2.599421739578247070e-01,-1.398335933685302734e+00,3.232696354389190674e-01,3.995735347270965576e-01,2.448536455631256104e-01,-7.420814037322998047e-01,-1.116422772407531738e+00,2.141574174165725708e-01,6.056707501411437988e-01,8.094792962074279785e-01,1.054697036743164062e+00
2.136829122900962830e-02,6.255394816398620605e-01,1.124063372611999512e+00,-1.067610234022140503e-01,3.727482259273529053e-01,5.321622490882873535e-01,8.600105345249176025e-02,3.757185935974121094e-01,-5.104165673255920410e-01,-4.889297857880592346e-02,-2.781093418598175049e-01,5.800008773803710938e-02,7.301279902458190918e-01,7.632428407669067383e-02,2.388706058263778687e-01,-2.800756692886352539e-01,3.756665885448455811e-01,1.073782801628112793e+00,5.575451850891113281e-01,-4.500388205051422119e-01,-4.318771362304687500e-01,3.900627195835113525e-01,2.355269789695739746e-01,8.141521811485290527e-01,1.148525595664978027e+00,7.296392917633056641e-01,-5.014023184776306152e-01,-1.749340444803237915e-01,-3.036554157733917236e-01,-2.638952992856502533e-02,3.968954980373382568e-01,-1.061022758483886719e+00,-3.494372963905334473e-01,-1.175295829772949219e+00,-8.433275818824768066e-01,4.551386833190917969e-01,-5.249177291989326477e-02,-3.465698659420013428e-01,1.205001100897789001e-01,2.552555315196514130e-02,2.424827367067337036e-01,2.054238170385360718e-01,1.314102262258529663e-01,-8.960425853729248047e-01,-6.329027414321899414e-01,6.554706096649169922e-01,-9.927556663751602173e-02,-4.242873787879943848e-01,3.605810105800628662e-01,8.057955503463745117e-01,-1.530505437403917313e-02,-7.072325944900512695e-01,6.478822231292724609e-02
-4.055505096912384033e-01,-5.470831990242004395e-01,-2.786356806755065918e-01,5.339609384536743164e-01,6.460775732994079590e-01,7.576196193695068359e-01,-7.040351033210754395e-01,1.384096622467041016e+00,-1.960829198360443115e-01,-2.697013318538665771e-01,-6.761174201965332031e-01,-4.592720270156860352e-01,-9.998755455017089844e-01,-9.679555892944335938e-01,-1.543889343738555908e-01,-1.504419922828674316e+00,-4.491206705570220947e-01,-8.779613673686981201e-02,-1.916086077690124512e+00,-1.725769340991973877e-01,4.094643592834472656e-01,5.263609290122985840e-01,-2.615336095914244652e-03,4.120302498340606689e-01,3.800244927406311035e-01,-1.459399163722991943e-01,-4.431844651699066162e-01,1.578392684459686279e-01,-3.928070068359375000e-01,7.735601812601089478e-02,6.708244085311889648e-01,-1.257086515426635742e+00,-1.558429002761840820e-01,-7.233923077583312988e-01,-1.355810165405273438e+00,-3.268208801746368408e-01,-1.831477046012878418e+00,-8.924226760864257812e-01,1.831631921231746674e-02,-5.854050815105438232e-02,-6.063793301582336426e-01,-2.019068479537963867e+00,-6.060279607772827148e-01,1.119801282882690430e+00,-9.835238009691238403e-02,1.110300898551940918e+00,-3.218909800052642822e-01,-1.338145256042480469e+00,-2.760288715362548828e-01,5.342358946800231934e-01,7.896627187728881836e-01,3.487860560417175293e-01,7.925631999969482422e-01
-1.353801935911178589e-01,6.781725883483886719e-01,3.415026068687438965e-01,1.111136198043823242e+00,8.168086409568786621e-01,4.384569525718688965e-01,-7.766780853271484375e-01,1.508005112409591675e-01,2.142987251281738281e-01,3.001514971256256104e-01,1.691441684961318970e-01,-2.258556038141250610e-01,-3.767590522766113281e-01,-2.011008858680725098e-01,-8.392374962568283081e-02,-8.451195955276489258e-01,-4.630582332611083984e-01,1.794824898242950439e-01,-8.026189804077148438e-01,5.357759539037942886e-03,4.656093716621398926e-01,-2.283336371183395386e-01,6.754212975502014160e-01,-5.757643580436706543e-01,-4.567467272281646729e-01,-2.609837651252746582e-01,2.849430739879608154e-01,5.826406478881835938e-01,-4.716136157512664795e-01,5.180261135101318359e-01,1.457788109779357910e+00,-7.395085692405700684e-01,4.942839741706848145e-01,-4.822780489921569824e-01,-8.589345812797546387e-01,2.242977321147918701e-01,-7.058487832546234131e-02,-6.143422722816467285e-01,7.894704490900039673e-02,-7.885317504405975342e-02,-3.354977071285247803e-01,-5.900368094444274902e-01,-8.965384364128112793e-01,-7.938895225524902344e-01,-4.386873170733451843e-02,4.857895076274871826e-01,1.129613593220710754e-01,-6.584668755531311035e-01,-2.200185775756835938e+00,-3.391621708869934082e-01,5.088708996772766113e-01,1.075098752975463867e+00,9.378740787506103516e-01
-1.352729052305221558e-01,8.558642864227294922e-01,-4.347010254859924316e-01,-1.052143096923828125e+00,3.578917086124420166e-01,9.149261116981506348e-01,-1.194917321205139160e+00,-6.966581195592880249e-02,9.273338913917541504e-01,5.424045324325561523e-01,-2.063972204923629761e-01,4.795354008674621582e-01,-2.295328080654144287e-01,-3.651905059814453125e-01,-7.901727408170700073e-02,-3.532885015010833740e-01,-5.700808167457580566e-01,-2.165317237377166748e-01,-6.025348305702209473e-01,5.110757946968078613e-01,5.366101861000061035e-01,-4.668847918510437012e-01,4.682659804821014404e-01,-5.809431076049804688e-01,-1.209900617599487305e+00,-1.493647098541259766e+00,4.574371576309204102e-01,4.061223864555358887e-01,-4.247373938560485840e-01,-1.326570868492126465e+00,-7.697830200195312500e-01,-1.008508086204528809e+00,7.419901341199874878e-02,-1.213616728782653809e-01,-7.379689812660217285e-01,-1.837650388479232788e-01,-3.538467884063720703e-01,-9.066663980484008789e-01,3.148632645606994629e-01,4.118291139602661133e-01,1.749400198459625244e-01,-7.526058554649353027e-01,-8.684810996055603027e-01,-2.140417575836181641e+00,9.866080880165100098e-01,-2.200338803231716156e-02,6.456918120384216309e-01,-5.082692503929138184e-01,-1.602758407592773438e+00,-2.961644828319549561e-01,4.136328697204589844e-01,7.668057084083557129e-01,4.905810952186584473e-01
1.510085463523864746e-01,-2.242665439844131470e-01,4.762924611568450928e-01,-3.272659182548522949e-01,4.786162972450256348e-01,8.469479084014892578e-01,-9.294391274452209473e-01,8.900277614593505859e-01,9.726045131683349609e-01,1.125981569290161133e+00,-3.053729832172393799e-01,1.452766895294189453e+00,-3.085609376430511475e-01,8.985888361930847168e-01,1.143415048718452454e-01,1.627196371555328369e-02,-2.651416063308715820e-01,6.079391241073608398e-01,5.399153009057044983e-02,8.143146038055419922e-01,4.888164401054382324e-01,-4.103017449378967285e-01,1.032617568969726562e+00,-4.409455358982086182e-01,-7.134512662887573242e-01,-2.333293914794921875e+00,7.888814210891723633e-01,7.827664017677307129e-01,-4.319692552089691162e-01,-3.555570244789123535e-01,4.091967642307281494e-01,-8.840187788009643555e-01,7.884627580642700195e-01,-4.688112735748291016e-01,1.053470894694328308e-01,-1.743914484977722168e-01,8.115198016166687012e-01,-8.083601593971252441e-01,2.790863513946533203e-01,6.329809427261352539e-01,1.476699858903884888e-01,-2.445856779813766479e-01,-6.950499415397644043e-01,-4.401171505451202393e-01,8.163153529167175293e-01,-1.305117458105087280e-01,6.115751266479492188e-01,-9.051325917243957520e-01,-1.340286254882812500e+00,-1.175245568156242371e-01,3.088816702365875244e-01,-8.177832514047622681e-02,2.647334635257720947e-01
3.260675966739654541e-01,6.895764470100402832e-01,8.877388834953308105e-01,7.986786961555480957e-01,1.177984356880187988e+00,1.006326317787170410e+00,2.585035264492034912e-01,2.036620616912841797e+00,4.057867825031280518e-01,5.361375212669372559e-01,2.522873878479003906e-01,-7.472579479217529297e-01,-3.959884345531463623e-01,-1.563595980405807495e-01,-2.210151255130767822e-01,-8.022517561912536621e-01,-5.372879505157470703e-01,6.755061149597167969e-01,-1.260563135147094727e+00,1.020036935806274414e+00,5.795642733573913574e-01,1.069298386573791504e+00,5.239303708076477051e-01,1.103430390357971191e-01,1.138016104698181152e+00,-2.193087711930274963e-02,4.998076260089874268e-01,-9.818567633628845215e-01,9.370284676551818848e-01,1.046917915344238281e+00,1.968127012252807617e+00,-1.378092288970947266e+00,2.592757344245910645e-01,3.614238463342189789e-03,-1.535106778144836426e+00,1.253802981227636337e-02,-1.107254385948181152e+00,-1.370297431945800781e+00,1.118799299001693726e-01,7.597178965806961060e-02,2.605756521224975586e-01,-1.795414686203002930e+00,-1.020169377326965332e+00,-3.938718140125274658e-01,-1.051941514015197754e+00,1.676189541816711426e+00,-1.599626056849956512e-02,-1.145201921463012695e+00,-5.407778024673461914e-01,9.931677579879760742e-01,4.659078717231750488e-01,7.501470297574996948e-02,1.123552560806274414e+00
-1.073957830667495728e-01,2.946907840669155121e-02,2.396380752325057983e-01,-1.728006005287170410e-01,5.425762534141540527e-01,2.764453589916229248e-01,4.376016259193420410e-01,-9.185859560966491699e-01,2.472110986709594727e-01,-3.472644388675689697e-01,-8.065796494483947754e-01,-1.794959902763366699e-01,-2.914422154426574707e-01,-7.465039491653442383e-01,-6.101557016372680664e-01,-1.303868055343627930e+00,-1.201781272888183594e+00,-8.454063534736633301e-02,-1.366227746009826660e+00,5.427812337875366211e-01,-1.600837409496307373e-01,7.756737470626831055e-01,5.395274162292480469e-01,-9.725949168205261230e-01,2.525897137820720673e-02,-5.911694169044494629e-01,-5.068730562925338745e-02,-8.949126303195953369e-02,3.471292257308959961e-01,2.152676321566104889e-02,7.574509829282760620e-02,-1.342735528945922852e+00,-5.134926438331604004e-01,-1.317427039146423340e+00,-8.473441004753112793e-01,-1.641731858253479004e-01,-8.850266337394714355e-01,-1.623311877250671387e+00,-6.542468667030334473e-01,1.584651768207550049e-01,-4.236105084419250488e-01,-1.466684818267822266e+00,-1.725630402565002441e+00,-1.061809062957763672e+00,5.583008378744125366e-02,1.418977499008178711e+00,-3.150061666965484619e-01,-8.423787355422973633e-01,-3.140421867370605469e+00,7.469955086708068848e-02,7.886924743652343750e-01,1.035949707031250000e+00,1.159387707710266113e+00
-3.135148584842681885e-01,1.429592967033386230e-01,-9.688227176666259766e-01,-5.947031378746032715e-01,2.057431787252426147e-01,1.246468871831893921e-01,-1.884836256504058838e-01,7.495974004268646240e-02,2.489181049168109894e-02,-4.220890402793884277e-01,-1.177949190139770508e+00,-5.594340711832046509e-02,-7.458626627922058105e-01,-5.183297395706176758e-01,1.111772730946540833e-01,-1.651241421699523926e+00,-1.285646557807922363e-01,7.818319648504257202e-02,4.350706040859222412e-01,-3.546888530254364014e-01,-3.988014534115791321e-02,-2.114013582468032837e-01,1.788268387317657471e-01,-9.236250817775726318e-02,-2.983811497688293457e-01,3.093223571777343750e-01,-6.704522967338562012e-01,-2.638661861419677734e-01,1.132302433252334595e-01,1.464774906635284424e-01,2.106388211250305176e-01,-1.104487895965576172e+00,-9.063321631401777267e-04,-1.570398926734924316e+00,-7.213407158851623535e-01,-6.102219820022583008e-01,-6.484240889549255371e-01,-5.375491380691528320e-01,-5.130016803741455078e-01,-2.550685703754425049e-01,-6.018325686454772949e-01,7.631749659776687622e-02,-4.430683255195617676e-01,8.703598380088806152e-02,-5.954843759536743164e-01,2.655226290225982666e-01,-5.981781482696533203e-01,-5.132807493209838867e-01,-1.112628102302551270e+00,-3.183568418025970459e-01,2.192758172750473022e-01,3.338705748319625854e-02,4.994265139102935791e-01
-6.276376545429229736e-02,-1.196115612983703613e+00,-4.245805442333221436e-01,-9.950410723686218262e-01,2.277760505676269531e-01,-1.710678786039352417e-01,4.236370623111724854e-01,5.912123322486877441e-01,7.745223045349121094e-01,9.713609218597412109e-01,-2.884942889213562012e-01,3.648838698863983154e-01,4.458048641681671143e-01,6.588169336318969727e-01,9.689168334007263184e-01,-9.669833779335021973e-01,1.753270626068115234e-01,-4.771253168582916260e-01,1.356215775012969971e-01,-6.258589625358581543e-01,1.921036839485168457e+00,-1.046301126480102539e+00,5.722665786743164062e-01,1.346794217824935913e-01,-7.274500727653503418e-01,3.751523196697235107e-01,-4.387879371643066406e-01,-2.839843630790710449e-01,-2.246008664369583130e-01,-5.170710757374763489e-02,-2.745746970176696777e-01,1.878952831029891968e-01,7.272760868072509766e-01,2.041054517030715942e-01,-4.384412765502929688e-01,2.957121729850769043e-01,5.840039253234863281e-01,5.593397617340087891e-01,-2.545597255229949951e-01,3.120144009590148926e-01,-2.091294676065444946e-01,1.858145743608474731e-01,-9.048198908567428589e-02,8.178551793098449707e-01,5.378537774085998535e-01,-9.456449002027511597e-02,-3.425640612840652466e-02,-1.508640646934509277e-01,-1.020590782165527344e+00,2.139469385147094727e-01,2.957419455051422119e-01,5.630540251731872559e-01,7.254835963249206543e-01
7.342645525932312012e-01,5.439032316207885742e-01,7.356767058372497559e-01,3.139659166336059570e-01,7.214912176132202148e-01,4.389490485191345215e-01,3.620019555091857910e-01,4.990155696868896484e-01,1.483348488807678223e+00,1.502874612808227539e+00,1.600171804428100586e+00,2.046549320220947266e+00,1.510773062705993652e+00,1.237854242324829102e+00,1.986493587493896484e+00,1.475724101066589355e+00,1.417193770408630371e+00,3.667044639587402344e-02,1.448497295379638672e+00,5.448179841041564941e-01,1.266443610191345215e+00,-1.693880558013916016e+00,1.024374485015869141e+00,3.491490706801414490e-02,-1.175522208213806152e+00,9.846998453140258789e-01,9.663368463516235352e-01,1.880735158920288086e-01,-5.328295826911926270e-01,-8.363181352615356445e-02,3.703708574175834656e-02,7.388879060745239258e-01,6.611693501472473145e-01,1.696724057197570801e+00,1.191431999206542969e+00,9.109518527984619141e-01,1.216792702674865723e+00,2.106103897094726562e+00,7.140721678733825684e-01,1.794267147779464722e-01,8.207767605781555176e-01,1.177476882934570312e+00,1.563312411308288574e+00,-4.072480276226997375e-02,1.144015669822692871e+00,-5.279987454414367676e-01,9.822468161582946777e-01,7.116335034370422363e-01,-7.107498049736022949e-01,1.471539586782455444e-01,-1.893164822831749916e-03,-3.679802715778350830e-01,-1.694239825010299683e-01
8.257101178169250488e-01,-3.423621654510498047e-01,3.034795820713043213e-01,1.633673757314682007e-01,3.993530571460723877e-01,1.806939542293548584e-01,-6.683579832315444946e-02,7.061784267425537109e-01,9.647359251976013184e-01,7.589681744575500488e-01,1.500609159469604492e+00,1.430227756500244141e+00,4.657781422138214111e-01,3.492607176303863525e-01,9.525780081748962402e-01,1.013160586357116699e+00,1.036137700080871582e+00,2.950220406055450439e-01,4.675232172012329102e-01,7.171614170074462891e-01,3.259071409702301025e-01,-6.019802093505859375e-01,1.241110682487487793e+00,3.449404537677764893e-01,1.874404847621917725e-01,7.705250978469848633e-01,1.405523419380187988e+00,6.815956234931945801e-01,-6.602618098258972168e-01,4.323868155479431152e-01,4.918510913848876953e-01,1.632056236267089844e+00,6.158064603805541992e-01,1.724239349365234375e+00,1.689122438430786133e+00,8.148396015167236328e-01,-4.839131832122802734e-01,1.426594257354736328e+00,9.189053773880004883e-01,9.364611506462097168e-01,5.057759881019592285e-01,3.998619318008422852e-01,9.532855749130249023e-01,8.849081993103027344e-01,1.224613904953002930e+00,3.555819392204284668e-03,1.875903964042663574e+00,-3.053854703903198242e-01,-3.423827290534973145e-01,4.384719431400299072e-01,5.383924245834350586e-01,4.058616459369659424e-01,2.189759016036987305e-01
1.086278080940246582e+00,-5.395720005035400391e-01,2.455004602670669556e-01,8.724234700202941895e-01,7.566697001457214355e-01,2.440447658300399780e-01,-2.787149846553802490e-01,6.255956292152404785e-01,1.063379526138305664e+00,8.962730169296264648e-01,1.569973826408386230e+00,2.006696909666061401e-01,5.026712417602539062e-01,5.371198058128356934e-01,1.270351052284240723e+00,7.351518869400024414e-01,1.310459017753601074e+00,6.760384440422058105e-01,1.284299254417419434e+00,6.017295718193054199e-01,1.778993368148803711e+00,-3.611977994441986084e-01,1.201872110366821289e+00,5.659278631210327148e-01,9.269570112228393555e-01,2.328139692544937134e-01,1.395866632461547852e+00,4.228340685367584229e-01,3.935646414756774902e-01,6.340211629867553711e-01,3.349432051181793213e-01,1.373527526855468750e+00,9.237096905708312988e-01,1.657388210296630859e+00,8.080053329467773438e-02,9.814649224281311035e-01,4.668570756912231445e-01,1.700373768806457520e+00,8.983553647994995117e-01,9.129921793937683105e-01,8.043770790100097656e-01,1.475470185279846191e+00,1.196632266044616699e+00,6.147706508636474609e-01,5.794054269790649414e-01,5.076524615287780762e-01,1.490596175193786621e+00,-9.609933495521545410e-01,-4.565519392490386963e-01,5.574860572814941406e-01,8.484691381454467773e-01,1.883259534835815430e+00,1.224048018455505371e+00
1.278646349906921387e+00,3.534918725490570068e-01,1.209135413169860840e+00,1.224589705467224121e+00,5.503324270248413086e-01,-2.632623910903930664e-01,9.528195261955261230e-01,-6.527985930442810059e-01,2.017066776752471924e-01,4.144527912139892578e-01,2.113753557205200195e+00,6.802640557289123535e-01,1.316437840461730957e+00,7.656594514846801758e-01,8.880102634429931641e-01,2.928953468799591064e-01,1.373102188110351562e+00,4.402501285076141357e-01,-4.960734248161315918e-01,4.050881266593933105e-01,8.481091260910034180e-01,1.147297173738479614e-01,1.771091669797897339e-01,6.946386098861694336e-01,4.561489522457122803e-01,6.426877975463867188e-01,9.460818171501159668e-01,6.414110064506530762e-01,2.529359757900238037e-01,6.628566384315490723e-01,6.923516392707824707e-01,1.019339442253112793e+00,3.182983100414276123e-01,1.935016274452209473e+00,1.825798273086547852e+00,1.021657228469848633e+00,1.213080167770385742e+00,8.745764493942260742e-01,3.849069774150848389e-01,4.329665899276733398e-01,1.014562249183654785e+00,-1.278034925460815430e+00,1.524792909622192383e+00,-3.359636366367340088e-01,9.326411038637161255e-02,1.643936634063720703e-01,9.668747186660766602e-01,4.999513924121856689e-01,7.203776836395263672e-01,6.823883056640625000e-01,-2.539562284946441650e-01,8.056949377059936523e-01,-4.561556503176689148e-03
1.274068713188171387e+00,-8.224751353263854980e-01,6.431380510330200195e-01,1.005047917366027832e+00,5.668998956680297852e-01,1.154524758458137512e-01,5.950023531913757324e-01,7.922053933143615723e-01,3.537115752696990967e-01,5.269003510475158691e-01,2.021769046783447266e+00,-8.091016858816146851e-02,1.250627279281616211e+00,1.372673153877258301e+00,7.682869434356689453e-01,9.183214306831359863e-01,1.646184086799621582e+00,4.647277891635894775e-01,-3.432285785675048828e-01,-3.828397989273071289e-01,1.280337929725646973e+00,-4.730719625949859619e-01,2.255317270755767822e-01,1.471820235252380371e+00,1.130689978599548340e+00,2.305416822433471680e+00,8.627251982688903809e-01,-3.372670412063598633e-01,8.970260024070739746e-01,8.059331178665161133e-01,5.381602644920349121e-01,6.669531464576721191e-01,1.829588711261749268e-01,1.830042362213134766e+00,3.267596065998077393e-01,8.256378173828125000e-01,1.956323981285095215e-01,1.452948689460754395e+00,3.337899148464202881e-01,2.742154896259307861e-01,1.159671425819396973e+00,-6.049500107765197754e-01,1.951991200447082520e+00,1.227048873901367188e+00,2.049555778503417969e-01,1.870857030153274536e-01,5.930634737014770508e-01,7.082540988922119141e-01,2.123889446258544922e+00,1.047682642936706543e+00,2.302147597074508667e-01,-1.100771427154541016e+00,-1.304997354745864868e-01
5.968995094299316406e-01,-1.919190883636474609e-01,1.400075256824493408e-01,-5.805108323693275452e-02,-2.142930403351783752e-02,5.635095834732055664e-01,-9.424939006567001343e-02,-1.808694005012512207e-01,5.191971063613891602e-01,6.717149615287780762e-01,8.016933798789978027e-01,4.645233228802680969e-02,-8.487566560506820679e-02,1.570219516754150391e+00,1.281036138534545898e+00,-5.279372334480285645e-01,2.773919403553009033e-01,-6.032094359397888184e-01,2.400498138740658760e-03,-4.704968929290771484e-01,1.211685657501220703e+00,-9.068463444709777832e-01,6.039872765541076660e-01,-5.526909828186035156e-01,-4.960600733757019043e-01,1.581080794334411621e+00,-1.714420318603515625e-01,-9.959799051284790039e-01,8.620237708091735840e-01,6.314776837825775146e-02,-1.014496386051177979e-01,1.169375300407409668e+00,5.708783268928527832e-01,1.201041102409362793e+00,8.629969358444213867e-01,2.778223156929016113e-01,1.417902350425720215e+00,1.348693728446960449e+00,3.133279681205749512e-01,-3.583475351333618164e-01,1.463321000337600708e-01,-2.538765966892242432e-01,-4.877722635865211487e-02,2.072441101074218750e+00,-1.298840045928955078e-01,-1.580926030874252319e-02,1.889832019805908203e-01,9.056177735328674316e-02,-1.339529633522033691e+00,-4.858843684196472168e-01,-1.442946642637252808e-01,-5.147768259048461914e-01,2.549459040164947510e-01
1.455547213554382324e-01,4.608141630887985229e-02,-3.258796036243438721e-01,-8.882871270179748535e-01,-2.451038956642150879e-01,5.809056162834167480e-01,-7.238523364067077637e-01,9.820845909416675568e-03,4.216408431529998779e-01,2.120451331138610840e-01,3.453817367553710938e-01,1.201893985271453857e-01,-7.564505338668823242e-01,1.047228813171386719e+00,4.211918115615844727e-01,-2.698287367820739746e-01,3.592741489410400391e-01,1.657848209142684937e-01,2.294640094041824341e-01,1.293516159057617188e-01,6.150720119476318359e-01,-8.735430836677551270e-01,2.459969520568847656e-01,4.286182299256324768e-02,-1.000822424888610840e+00,-6.030905246734619141e-01,1.560265421867370605e-01,7.017759680747985840e-01,1.753553561866283417e-02,3.500413149595260620e-02,1.641963869333267212e-01,1.612676084041595459e-01,2.862437367439270020e-01,-3.858199417591094971e-01,-5.047250390052795410e-01,-3.167097568511962891e-01,1.167303085327148438e+00,6.187249422073364258e-01,2.684149146080017090e-01,4.675102233886718750e-02,-1.508684009313583374e-01,-7.456204295158386230e-02,3.927333950996398926e-01,3.694050908088684082e-01,3.911550045013427734e-01,-2.620814442634582520e-01,3.428528904914855957e-01,-6.397421956062316895e-01,-6.612591743469238281e-01,-3.806325495243072510e-01,4.190993607044219971e-01,2.052793800830841064e-01,1.902118176221847534e-01
-3.708605468273162842e-02,5.289357304573059082e-01,-5.123963356018066406e-01,-6.474285721778869629e-01,3.804378509521484375e-01,7.062863111495971680e-01,-9.915745854377746582e-01,1.030629038810729980e+00,6.115037202835083008e-01,5.907919406890869141e-01,2.449898570775985718e-01,-4.721852838993072510e-01,-4.555363357067108154e-01,7.821946740150451660e-01,6.606848239898681641e-01,-1.466675549745559692e-01,7.086728811264038086e-01,-3.311703801155090332e-01,6.883264183998107910e-01,-9.132839739322662354e-03,1.161922097206115723e+00,-1.853364467620849609e+00,5.750027894973754883e-01,1.392456591129302979e-01,-1.678428769111633301e+00,-9.991607069969177246e-01,-1.004443690180778503e-02,-1.070695757865905762e+00,7.511490583419799805e-02,-2.911229133605957031e-01,1.280152648687362671e-01,8.076794147491455078e-01,7.411022782325744629e-01,5.579171180725097656e-01,-7.030025124549865723e-01,9.692546725273132324e-02,5.661457180976867676e-01,6.956203579902648926e-01,6.696247458457946777e-01,2.010590881109237671e-01,-3.145931065082550049e-01,5.672523975372314453e-01,5.156854987144470215e-01,1.504199147224426270e+00,9.456200599670410156e-01,-6.328846812248229980e-01,1.437893360853195190e-01,-5.383144617080688477e-01,-9.760656356811523438e-01,-6.855293512344360352e-01,-4.901522025465965271e-02,-6.571488380432128906e-01,1.500591337680816650e-01
1.455547213554382324e-01,8.716542124748229980e-01,1.388875246047973633e+00,-1.263285577297210693e-01,2.259795814752578735e-01,9.337897896766662598e-01,-8.812379091978073120e-02,3.327167779207229614e-02,6.305028796195983887e-01,4.388887584209442139e-01,1.316487193107604980e-01,-6.012419983744621277e-02,-6.182896494865417480e-01,-6.328605115413665771e-02,9.318886399269104004e-01,6.131671369075775146e-02,7.223465442657470703e-01,-1.918697804212570190e-01,1.569997906684875488e+00,3.893391788005828857e-01,2.173206061124801636e-01,-1.145442008972167969e+00,7.266491055488586426e-01,-2.503335475921630859e-02,-1.089486002922058105e+00,-2.654835879802703857e-01,6.366201639175415039e-01,2.597866393625736237e-02,1.189399719238281250e+00,-2.255388796329498291e-01,-1.074823886156082153e-01,-7.424116134643554688e-01,2.135152220726013184e-01,4.381273984909057617e-01,-1.218514680862426758e+00,-2.938084602355957031e-01,-5.190738290548324585e-02,5.728442072868347168e-01,3.751919567584991455e-01,8.660651743412017822e-02,1.945380717515945435e-01,1.155113101005554199e+00,5.964539051055908203e-01,-4.572767615318298340e-01,-2.110302001237869263e-01,-1.233008652925491333e-01,2.899636626243591309e-01,-1.466227024793624878e-01,-6.134645938873291016e-01,-4.246341064572334290e-02,2.186013758182525635e-01,1.208830848336219788e-01,4.048959910869598389e-01
4.372542500495910645e-01,2.810664772987365723e-01,6.310684233903884888e-02,8.132959157228469849e-02,3.261445760726928711e-01,4.936924874782562256e-01,-1.333516716957092285e+00,7.708974927663803101e-02,5.222135782241821289e-01,-6.521345973014831543e-01,3.895240426063537598e-01,-4.475303888320922852e-01,-6.535478234291076660e-01,2.069049328565597534e-01,4.634407162666320801e-01,-1.249642819166183472e-01,1.100419998168945312e+00,6.633849740028381348e-01,9.573953747749328613e-01,8.722121119499206543e-01,-8.663314580917358398e-01,1.414435803890228271e-01,7.050790786743164062e-01,1.072683215141296387e+00,1.024885892868041992e+00,-6.036931872367858887e-01,7.555697560310363770e-01,6.867209672927856445e-01,6.890928149223327637e-01,-1.212281268090009689e-02,7.152678817510604858e-02,9.163523465394973755e-02,3.137019276618957520e-02,-5.977479815483093262e-01,1.140915900468826294e-01,-3.732538223266601562e-01,-7.663959264755249023e-01,1.182894349098205566e+00,3.260568901896476746e-02,3.849728405475616455e-01,3.061476647853851318e-01,1.046360254287719727e+00,1.645940780639648438e+00,2.964731156826019287e-01,5.051949024200439453e-01,1.137269288301467896e-01,-3.305459022521972656e-02,-6.178430318832397461e-01,1.979598760604858398e+00,7.352462410926818848e-01,-2.168265432119369507e-01,-5.895569920539855957e-01,-2.406179904937744141e-01
1.386882513761520386e-01,-6.206599473953247070e-01,-9.547289609909057617e-01,-5.515100955963134766e-01,1.451289951801300049e-01,1.115329787135124207e-01,-4.334168136119842529e-01,7.224410772323608398e-02,2.558980882167816162e-01,-5.211389064788818359e-01,-7.325583696365356445e-02,-5.550509691238403320e-02,-5.430243611335754395e-01,2.113362587988376617e-02,4.826174676418304443e-01,-5.460672974586486816e-01,2.566815018653869629e-01,2.682204823940992355e-03,3.237983286380767822e-01,2.998139858245849609e-01,-6.684996485710144043e-01,2.226530462503433228e-01,3.229724168777465820e-01,1.037802174687385559e-01,-1.184822320938110352e-01,-6.135738492012023926e-01,4.456097483634948730e-01,9.446749091148376465e-01,-9.225509762763977051e-01,6.722118705511093140e-02,7.159854471683502197e-02,-8.986740112304687500e-01,-1.809242516756057739e-01,-5.335086584091186523e-01,-7.280654907226562500e-01,-4.234815835952758789e-01,-1.008830904960632324e+00,5.304200053215026855e-01,-1.574473530054092407e-01,4.550168812274932861e-01,-1.148706972599029541e-01,2.142859995365142822e-01,3.655036985874176025e-01,-6.645086407661437988e-01,3.516700267791748047e-01,3.283023536205291748e-01,-6.576447188854217529e-02,-3.459504544734954834e-01,-1.271984279155731201e-01,-2.925700880587100983e-02,6.754102110862731934e-01,5.665911436080932617e-01,2.393275797367095947e-01
3.035370409488677979e-01,-7.573964595794677734e-01,-8.605710268020629883e-01,-4.881616830825805664e-01,2.185655832290649414e-01,3.232289478182792664e-02,-6.359559893608093262e-01,-1.395026445388793945e-01,9.228325635194778442e-02,-5.302602648735046387e-01,-5.415216088294982910e-01,-1.150030255317687988e+00,-2.758891880512237549e-01,-2.636405527591705322e-01,3.553873896598815918e-01,-1.111606001853942871e+00,5.378397107124328613e-01,3.159780502319335938e-01,9.972921609878540039e-01,-5.657041668891906738e-01,5.913534760475158691e-01,-7.578976154327392578e-01,8.741954714059829712e-02,6.255550980567932129e-01,3.151185214519500732e-01,-1.201583623886108398e+00,-5.245920419692993164e-01,-1.042056083679199219e+00,1.440035253763198853e-01,4.263448715209960938e-02,-2.768863141536712646e-01,-1.677743718028068542e-02,1.642588376998901367e-01,-7.440132498741149902e-01,-1.156821250915527344e+00,1.792578995227813721e-01,-4.147434234619140625e-02,9.133543372154235840e-01,2.011586166918277740e-02,1.172899678349494934e-01,-2.747489809989929199e-01,1.147824287414550781e+00,6.075577735900878906e-01,6.938521862030029297e-01,6.573420763015747070e-01,2.753755450248718262e-01,-2.825664579868316650e-01,-7.879945635795593262e-01,-2.812743484973907471e-01,3.448235988616943359e-01,4.579151570796966553e-01,3.314934968948364258e-01,8.786578178405761719e-01
1.758100837469100952e-01,4.343605041503906250e-01,-4.692306220531463623e-01,-2.111637443304061890e-01,-1.473056674003601074e-01,7.345170527696609497e-02,-2.415974587202072144e-01,-1.481341123580932617e-01,2.889273762702941895e-01,4.046678841114044189e-01,-9.907781332731246948e-02,5.431239008903503418e-01,2.917190194129943848e-01,2.895708680152893066e-01,7.814494371414184570e-01,-4.431911110877990723e-01,6.285977959632873535e-01,-1.482378840446472168e-01,1.114982128143310547e+00,-2.751267850399017334e-01,-3.582327663898468018e-01,-8.598934412002563477e-01,-1.238788887858390808e-01,-1.346639357507228851e-02,-8.506031632423400879e-01,-1.240061670541763306e-01,2.595827914774417877e-02,7.770819962024688721e-02,-3.020988404750823975e-01,3.146668970584869385e-01,4.812207221984863281e-01,-6.213457584381103516e-01,6.582190990447998047e-01,-3.477714359760284424e-01,-1.974512040615081787e-01,1.466363221406936646e-01,6.781075000762939453e-01,6.801583170890808105e-01,-3.349917009472846985e-02,-2.405626624822616577e-01,-3.546776473522186279e-01,8.836900591850280762e-01,5.888327360153198242e-01,-2.065296620130538940e-01,-2.654042541980743408e-01,-4.619005620479583740e-01,-3.421168923377990723e-01,2.105941027402877808e-01,-1.848915666341781616e-01,-3.992143273353576660e-01,-4.856677949428558350e-01,-3.926703631877899170e-01,-2.536060810089111328e-01
4.295831322669982910e-01,-8.393067717552185059e-01,-3.102865517139434814e-01,-3.864784538745880127e-01,-2.612483501434326172e-02,-1.471624076366424561e-01,-5.099716782569885254e-01,3.676831424236297607e-01,4.434576928615570068e-01,3.294746577739715576e-01,1.131638050079345703e+00,5.671634674072265625e-01,4.445938467979431152e-01,6.154953241348266602e-01,4.631204605102539062e-01,3.351144790649414062e-01,7.116155028343200684e-01,2.250594943761825562e-01,-1.521922349929809570e-01,-3.812311887741088867e-01,-1.238480582833290100e-01,-1.292962670326232910e+00,1.852227598428726196e-01,9.917215704917907715e-01,-3.927513062953948975e-01,6.260831952095031738e-01,3.363834321498870850e-01,-6.882429867982864380e-02,1.010669469833374023e-01,-3.922373056411743164e-02,-1.044019386172294617e-01,2.527827024459838867e-01,-2.620039880275726318e-02,1.735577136278152466e-01,2.452705204486846924e-01,3.785993456840515137e-01,2.420797646045684814e-01,8.052396774291992188e-01,3.341296911239624023e-01,-2.302908524870872498e-02,7.390189170837402344e-01,-5.209676027297973633e-01,1.021039009094238281e+00,-1.349197626113891602e-01,5.659723877906799316e-01,-6.300691366195678711e-01,1.976474523544311523e-01,4.457485675811767578e-01,5.300578474998474121e-01,3.158310651779174805e-01,2.366456016898155212e-02,-7.360683083534240723e-01,-2.665510177612304688e-01
1.266844630241394043e+00,1.300203204154968262e-01,8.042411506175994873e-02,8.931241035461425781e-01,9.087136983871459961e-01,6.182444095611572266e-01,8.854833245277404785e-01,1.260646820068359375e+00,1.124153375625610352e+00,1.206946730613708496e+00,1.365617871284484863e+00,7.351959943771362305e-01,6.778202652931213379e-01,1.401797771453857422e+00,1.380561590194702148e+00,6.505267024040222168e-01,1.262073397636413574e+00,5.341272950172424316e-01,1.101881027221679688e+00,2.217567563056945801e-01,1.201012849807739258e+00,-1.310094833374023438e+00,3.098439574241638184e-01,5.737959146499633789e-01,1.903945356607437134e-01,1.934749960899353027e+00,7.930454015731811523e-01,8.472833782434463501e-02,7.378424406051635742e-01,1.607870817184448242e+00,1.564358234405517578e+00,2.025605201721191406e+00,2.134809970855712891e+00,1.382867097854614258e+00,1.720347881317138672e+00,1.136567115783691406e+00,1.983034014701843262e+00,2.105230331420898438e+00,9.079948663711547852e-01,4.122030436992645264e-01,9.394102692604064941e-01,1.250643372535705566e+00,9.607532620429992676e-01,1.682729244232177734e+00,5.480303764343261719e-01,-1.150786429643630981e-01,7.734476327896118164e-01,1.139163747429847717e-01,-4.227630198001861572e-01,5.864785909652709961e-01,4.868391752243041992e-01,7.948490977287292480e-01,5.193451642990112305e-01
1.045919775962829590e+00,6.354081630706787109e-01,1.094466686248779297e+00,6.366356015205383301e-01,6.779482364654541016e-01,6.389901041984558105e-01,4.166168868541717529e-01,4.048002362251281738e-01,9.796897172927856445e-01,1.433885097503662109e+00,1.892978191375732422e+00,1.267581343650817871e+00,1.267650842666625977e+00,1.622821331024169922e+00,1.873781561851501465e+00,1.297194242477416992e+00,1.269326090812683105e+00,-1.526604443788528442e-01,1.357461929321289062e+00,1.457362473011016846e-01,1.058885931968688965e+00,-6.467018723487854004e-01,6.398510336875915527e-01,-2.901244536042213440e-02,-2.772648334503173828e-01,1.021381378173828125e+00,1.241301894187927246e+00,6.601003408432006836e-01,3.481761217117309570e-01,1.017867997288703918e-01,-1.897471584379673004e-02,2.018297672271728516e+00,1.248343110084533691e+00,2.135123729705810547e+00,2.057355165481567383e+00,1.044993400573730469e+00,8.710986971855163574e-01,2.083340406417846680e+00,1.276718497276306152e+00,6.031882762908935547e-01,8.232225775718688965e-01,1.126350402832031250e+00,1.224429249763488770e+00,1.165807127952575684e+00,4.374035000801086426e-01,-1.203148961067199707e-01,1.494891047477722168e+00,1.173179507255554199e+00,-1.372566670179367065e-01,5.834023356437683105e-01,1.902630738914012909e-02,2.960843145847320557e-01,-1.371291000396013260e-02
1.508404731750488281e+00,5.565680861473083496e-01,-4.055690392851829529e-02,5.823875665664672852e-01,5.989986658096313477e-01,6.996905207633972168e-01,1.381172060966491699e+00,1.295141458511352539e+00,1.669388055801391602e+00,2.032840013504028320e+00,2.058486461639404297e+00,2.552821397781372070e+00,2.011887311935424805e+00,2.413643836975097656e+00,1.828126668930053711e+00,1.427743792533874512e+00,1.721621274948120117e+00,-9.009955823421478271e-02,3.249592185020446777e-01,-1.014212220907211304e-01,1.343835830688476562e+00,-8.625637888908386230e-01,1.114184975624084473e+00,1.010896086692810059e+00,-3.799966871738433838e-01,4.838395714759826660e-01,1.718617558479309082e+00,1.232987284660339355e+00,-3.020437359809875488e-01,1.750265121459960938e+00,1.179933071136474609e+00,2.242150306701660156e+00,1.847077250480651855e+00,3.054774045944213867e+00,3.014212131500244141e+00,2.033518552780151367e+00,1.904479622840881348e+00,2.234226942062377930e+00,1.583584547042846680e+00,9.800338745117187500e-01,1.028338313102722168e+00,1.383365839719772339e-01,1.991612792015075684e+00,1.369475007057189941e+00,1.135232567787170410e+00,-1.759393066167831421e-01,1.599150896072387695e+00,4.422772824764251709e-01,6.789461374282836914e-01,6.524404883384704590e-01,5.372979640960693359e-01,1.090870022773742676e+00,4.288780987262725830e-01
1.468636393547058105e+00,3.948308229446411133e-01,8.203289508819580078e-01,7.339776307344436646e-02,6.178378462791442871e-01,-2.137161493301391602e-01,2.150026410818099976e-01,7.827239632606506348e-01,8.880027532577514648e-01,1.532081842422485352e+00,2.437753200531005859e+00,8.106272816658020020e-01,1.823520660400390625e+00,1.761544346809387207e+00,8.272956013679504395e-01,1.492281913757324219e+00,1.212648153305053711e+00,1.611175775527954102e+00,5.590537190437316895e-01,1.480778336524963379e+00,5.780051350593566895e-01,-2.661324441432952881e-01,7.387072443962097168e-01,7.415654659271240234e-01,9.018718004226684570e-01,-2.633972465991973877e-01,1.739968895912170410e+00,1.142170667648315430e+00,8.535383939743041992e-01,6.657217144966125488e-01,7.462619543075561523e-01,8.517852425575256348e-01,8.731955885887145996e-01,2.434734106063842773e+00,5.783761851489543915e-03,1.515550971031188965e+00,1.499120831489562988e+00,1.154611587524414062e+00,1.270873188972473145e+00,1.166455030441284180e+00,1.752661347389221191e+00,5.583739876747131348e-01,1.312181830406188965e+00,-2.514309883117675781e-01,-7.471148669719696045e-02,5.091437697410583496e-01,1.373013973236083984e+00,-5.138223767280578613e-01,2.739742100238800049e-01,1.150991559028625488e+00,7.894793152809143066e-01,1.057666778564453125e+00,8.860958814620971680e-01
1.785012245178222656e+00,-3.811791241168975830e-01,6.255958676338195801e-01,1.920296192169189453e+00,1.078294634819030762e+00,1.279275268316268921e-01,1.295504570007324219e+00,7.242938280105590820e-01,7.739143371582031250e-01,1.051978468894958496e+00,2.094910144805908203e+00,1.446714878082275391e+00,2.049394369125366211e+00,5.122333765029907227e-01,8.479749560356140137e-01,9.983618855476379395e-01,1.117012381553649902e+00,1.496015071868896484e+00,1.108590722084045410e+00,1.176800131797790527e+00,6.935043931007385254e-01,-1.189160123467445374e-01,6.370975971221923828e-01,3.729349076747894287e-01,5.678889751434326172e-01,-4.709112048149108887e-01,1.333772778511047363e+00,7.291627526283264160e-01,9.247962832450866699e-01,1.570313453674316406e+00,1.163562178611755371e+00,2.291121244430541992e+00,1.809520006179809570e+00,2.257178544998168945e+00,2.043859720230102539e+00,1.999390363693237305e+00,3.386756181716918945e-01,1.902774333953857422e+00,1.349612593650817871e+00,1.365336656570434570e+00,1.852940678596496582e+00,1.277905464172363281e+00,1.530363440513610840e+00,-2.678353898227214813e-02,8.612800240516662598e-01,4.049246311187744141e-01,1.474255204200744629e+00,-8.941959589719772339e-02,4.269256070256233215e-02,9.544930458068847656e-01,6.356005072593688965e-01,4.681097567081451416e-01,5.129158496856689453e-01
1.491792798042297363e+00,4.668176174163818359e-01,7.657383084297180176e-01,1.080067396163940430e+00,1.121048688888549805e+00,6.273956894874572754e-01,1.366828441619873047e+00,5.899918675422668457e-01,8.954620957374572754e-01,8.408392071723937988e-01,1.159820199012756348e+00,6.258041858673095703e-01,1.087571144104003906e+00,1.004157781600952148e+00,1.484107136726379395e+00,2.322492897510528564e-01,1.511046409606933594e+00,1.409580469131469727e+00,2.325000524520874023e+00,4.061778262257575989e-02,1.104943394660949707e+00,3.039630651473999023e-01,5.960635542869567871e-01,1.220433473587036133e+00,1.306230783462524414e+00,6.928659081459045410e-01,8.091474771499633789e-01,2.787244319915771484e-01,4.305641949176788330e-01,1.654880762100219727e+00,1.016782402992248535e+00,1.319671511650085449e+00,7.953989505767822266e-01,1.601751208305358887e+00,8.810597658157348633e-01,1.480609655380249023e+00,-2.119551450014114380e-01,1.914955139160156250e+00,1.215357899665832520e+00,4.905173182487487793e-01,1.657796382904052734e+00,1.951002478599548340e+00,1.552422404289245605e+00,-4.518330097198486328e-01,-3.537053465843200684e-01,1.337238430976867676e+00,1.329990744590759277e+00,-4.332105219364166260e-01,1.848753727972507477e-02,1.366028666496276855e+00,1.384104609489440918e+00,1.169111251831054688e+00,1.345949411392211914e+00
9.597671031951904297e-01,5.509758591651916504e-01,3.165687322616577148e-01,1.406575560569763184e+00,5.208665728569030762e-01,-2.627443969249725342e-01,5.590372085571289062e-01,-2.221584171056747437e-01,-9.880727529525756836e-02,-7.125715017318725586e-01,5.425422191619873047e-01,-2.557954788208007812e-01,9.826443195343017578e-01,-1.244843099266290665e-02,8.238674998283386230e-01,-2.944895327091217041e-01,1.138978242874145508e+00,1.022380709648132324e+00,9.826005697250366211e-01,6.806170940399169922e-01,-6.245102882385253906e-01,4.167205691337585449e-01,4.124980419874191284e-02,8.705493807792663574e-01,1.087567687034606934e+00,1.104099988937377930e+00,4.202716350555419922e-01,4.570753574371337891e-01,4.337875545024871826e-01,7.137061953544616699e-01,7.992292046546936035e-01,-3.589330315589904785e-01,2.384486049413681030e-01,7.409312725067138672e-01,1.049683928489685059e+00,1.062612295150756836e+00,3.866527080535888672e-01,9.919998645782470703e-01,4.308708012104034424e-01,2.561353333294391632e-02,1.000608444213867188e+00,8.517522215843200684e-01,1.299524784088134766e+00,-1.421963214874267578e+00,-1.052567720413208008e+00,7.182661890983581543e-01,5.038402676582336426e-01,-3.008826971054077148e-01,8.094695210456848145e-01,9.781749844551086426e-01,6.339854001998901367e-01,2.006392925977706909e-01,3.519082069396972656e-01
5.069738626480102539e-01,1.019081830978393555e+00,2.234452962875366211e-01,1.148344948887825012e-01,5.741570517420768738e-02,8.828190565109252930e-01,1.585985571146011353e-01,3.833083808422088623e-01,7.651454806327819824e-01,1.483220458030700684e-01,6.061148643493652344e-01,8.557225465774536133e-01,7.117463350296020508e-01,9.523075819015502930e-01,1.192973375320434570e+00,-6.250412762165069580e-02,7.419534921646118164e-01,5.300323367118835449e-01,1.254853844642639160e+00,-3.227628394961357117e-02,7.872892618179321289e-01,-9.612134099006652832e-01,5.400971174240112305e-01,3.180583417415618896e-01,-4.700017571449279785e-01,7.472339272499084473e-01,2.983098030090332031e-01,7.702378630638122559e-01,-1.745288521051406860e-01,5.243505835533142090e-01,5.092625021934509277e-01,3.337068259716033936e-01,8.538481593132019043e-01,4.864740073680877686e-01,3.399681448936462402e-01,8.769434690475463867e-01,1.235882759094238281e+00,1.380164265632629395e+00,4.610288739204406738e-01,1.925139129161834717e-01,9.461415559053421021e-02,9.360622763633728027e-01,8.247350454330444336e-01,2.238081246614456177e-01,2.716980576515197754e-01,-1.455522477626800537e-01,5.087220668792724609e-01,1.770635247230529785e-01,-3.324517309665679932e-01,1.107459515333175659e-02,3.989963233470916748e-01,3.943438082933425903e-02,3.382447063922882080e-01
8.194873929023742676e-01,1.434554815292358398e+00,2.316601276397705078e+00,1.111773490905761719e+00,7.123093008995056152e-01,5.415380001068115234e-01,1.029920220375061035e+00,1.304985642433166504e+00,6.735520362854003906e-01,8.640322685241699219e-01,4.260499179363250732e-01,6.546398401260375977e-01,1.321930766105651855e+00,8.592027425765991211e-01,8.636934161186218262e-01,7.408580780029296875e-01,9.080368280410766602e-01,1.173505544662475586e+00,1.449490904808044434e+00,-5.912994593381881714e-02,-5.044960230588912964e-02,-3.624616861343383789e-01,4.197053313255310059e-01,9.591988921165466309e-01,3.124772608280181885e-01,2.548481523990631104e-01,3.386425971984863281e-01,-2.104696184396743774e-01,1.813157796859741211e+00,1.338693737983703613e+00,1.140866279602050781e+00,1.193720579147338867e+00,9.266691803932189941e-01,2.632329165935516357e-01,8.925125002861022949e-01,1.233530402183532715e+00,7.934209704399108887e-01,5.730779767036437988e-01,1.078894734382629395e+00,4.644308984279632568e-01,1.215037226676940918e+00,1.390108466148376465e+00,8.799011707305908203e-01,-1.354043483734130859e-01,1.299466341733932495e-01,5.605143904685974121e-01,3.917080760002136230e-01,-6.097559332847595215e-01,7.404293417930603027e-01,8.069828748703002930e-01,-8.338799327611923218e-02,-8.398236632347106934e-01,3.038357496261596680e-01
6.626673936843872070e-01,6.081595420837402344e-01,-2.091566659510135651e-02,1.276670575141906738e+00,7.582380175590515137e-01,2.076469659805297852e-01,-3.853975236415863037e-01,7.996941208839416504e-01,5.437264442443847656e-01,8.157607167959213257e-02,-3.786543384194374084e-02,-3.507905304431915283e-01,-5.577556490898132324e-01,-2.786099910736083984e-01,5.858146548271179199e-01,-7.302923202514648438e-01,9.557907581329345703e-01,1.059696078300476074e+00,1.194116592407226562e+00,6.697847843170166016e-01,3.684898912906646729e-01,1.597823053598403931e-01,5.300155282020568848e-01,1.184576511383056641e+00,8.101081848144531250e-01,-8.291231989860534668e-01,5.268511772155761719e-01,4.412438273429870605e-01,3.355582356452941895e-01,6.911367177963256836e-01,1.016413331031799316e+00,3.152076005935668945e-01,3.546995818614959717e-01,-5.848382413387298584e-02,8.272845298051834106e-02,3.728188574314117432e-01,-9.390252232551574707e-01,8.057802319526672363e-01,8.514540195465087891e-01,4.835118055343627930e-01,4.704577028751373291e-01,1.336005091667175293e+00,8.922233581542968750e-01,-6.034497618675231934e-01,2.237743586301803589e-01,1.047201156616210938e+00,3.613272905349731445e-01,-1.491128921508789062e+00,1.669223308563232422e-01,9.204596877098083496e-01,8.025303483009338379e-01,8.647863268852233887e-01,9.590478539466857910e-01
5.970425605773925781e-01,9.135414361953735352e-01,-2.907202765345573425e-02,-2.094853110611438751e-02,1.326487660408020020e-01,4.785065948963165283e-01,-1.293048262596130371e-01,-9.418061375617980957e-01,6.978475451469421387e-01,-3.566175103187561035e-01,-1.403751224279403687e-01,2.059293985366821289e-01,7.819945216178894043e-01,4.240034818649291992e-01,4.194677174091339111e-01,-6.652374267578125000e-01,8.393725156784057617e-01,8.405947685241699219e-01,4.295481443405151367e-01,1.032049775123596191e+00,-4.946003854274749756e-01,-5.915412213653326035e-03,7.416765093803405762e-01,9.524657130241394043e-01,2.984298169612884521e-01,-9.639025479555130005e-02,2.278547734022140503e-01,8.495199084281921387e-01,-2.524814009666442871e-01,6.454325318336486816e-01,2.669171690940856934e-01,2.955271303653717041e-01,6.452715396881103516e-01,2.250606119632720947e-01,1.019904494285583496e+00,1.151897668838500977e+00,1.369272112846374512e+00,7.960740923881530762e-01,4.721910655498504639e-01,7.844955921173095703e-01,5.174303054809570312e-01,5.684132575988769531e-01,1.050570368766784668e+00,-2.663341164588928223e-01,5.719373822212219238e-01,5.752207636833190918e-01,6.337202191352844238e-01,-3.050840198993682861e-01,1.389642655849456787e-01,7.817897796630859375e-01,5.378126502037048340e-01,1.096486330032348633e+00,7.499677538871765137e-01
6.544061899185180664e-01,1.287346482276916504e+00,9.296451807022094727e-01,-5.202218294143676758e-01,4.337140917778015137e-01,1.125404834747314453e+00,2.902687191963195801e-01,6.795584559440612793e-01,6.885408759117126465e-01,1.229908108711242676e+00,1.798608005046844482e-01,1.159184098243713379e+00,6.852075457572937012e-01,1.585752725601196289e+00,9.135900139808654785e-01,-6.821140646934509277e-01,3.282084763050079346e-01,1.883685775101184845e-02,1.139938116073608398e+00,-1.722785681486129761e-01,1.042783379554748535e+00,-1.035752058029174805e+00,3.213238120079040527e-01,-2.795642428100109100e-02,-8.910842537879943848e-01,7.327243089675903320e-01,-1.794155687093734741e-01,2.968235611915588379e-01,1.255436897277832031e+00,4.462344944477081299e-01,1.256575137376785278e-01,1.281091451644897461e+00,1.581373929977416992e+00,2.511524260044097900e-01,1.436473011970520020e+00,9.222859144210815430e-01,2.008752822875976562e+00,1.094761848449707031e+00,7.189925909042358398e-01,9.624705910682678223e-01,3.893479108810424805e-01,1.003578305244445801e+00,3.241569995880126953e-01,3.321217298507690430e-01,1.630485773086547852e+00,-3.396262228488922119e-01,3.809942305088043213e-01,4.584114253520965576e-01,-4.390662908554077148e-01,-5.039156600832939148e-02,9.641533344984054565e-02,-5.579575300216674805e-01,1.263429597020149231e-02
8.296440243721008301e-01,3.714200556278228760e-01,9.974299073219299316e-01,9.403964281082153320e-01,5.322536826133728027e-01,3.707981705665588379e-01,3.686127662658691406e-01,1.221708059310913086e+00,5.083003640174865723e-01,2.799602448940277100e-01,2.965827882289886475e-01,5.535084605216979980e-01,3.469331860542297363e-01,6.107664704322814941e-01,8.903970718383789062e-01,-6.397520303726196289e-01,6.693150401115417480e-01,5.097622275352478027e-01,1.289703607559204102e+00,2.345479130744934082e-01,-1.704933494329452515e-02,-4.587260484695434570e-01,1.362564116716384888e-01,8.166725635528564453e-01,1.959134191274642944e-01,5.062927603721618652e-01,-1.131577193737030029e-01,-3.496506512165069580e-01,7.963585257530212402e-01,1.316007256507873535e+00,6.705783605575561523e-01,4.676260054111480713e-01,5.944336652755737305e-01,7.856017351150512695e-02,1.151496529579162598e+00,6.293725371360778809e-01,3.318978846073150635e-01,6.788055300712585449e-01,7.768610715866088867e-01,1.730700582265853882e-01,1.163486480712890625e+00,8.225567936897277832e-01,7.790081501007080078e-01,7.990809530019760132e-02,7.596085071563720703e-01,4.901835918426513672e-01,2.019609361886978149e-01,4.957288503646850586e-03,5.259901285171508789e-01,9.174373745918273926e-01,3.767279684543609619e-01,-8.282361626625061035e-01,2.991494834423065186e-01
6.688185930252075195e-01,-2.644541561603546143e-01,4.147149622440338135e-01,7.028947472572326660e-01,9.323909282684326172e-01,2.108930796384811401e-01,1.033437967300415039e+00,9.305264353752136230e-01,6.756799221038818359e-01,2.087799757719039917e-01,-3.890775144100189209e-01,-1.542426347732543945e-01,4.880091547966003418e-01,-1.940076239407062531e-02,6.379268765449523926e-01,-6.833784580230712891e-01,9.715675115585327148e-01,1.066698431968688965e+00,1.010829448699951172e+00,7.932208180427551270e-01,-3.755747377872467041e-01,1.294281929731369019e-01,4.270334541797637939e-01,1.724217891693115234e+00,1.244939208030700684e+00,1.543346047401428223e+00,-5.002284422516822815e-02,-5.545393824577331543e-01,7.967579960823059082e-01,1.140099763870239258e+00,9.261732101440429688e-01,1.007006525993347168e+00,3.024467527866363525e-01,3.922438994050025940e-02,1.539123356342315674e-01,8.826357126235961914e-01,-3.753717541694641113e-01,1.322923600673675537e-01,8.069059252738952637e-01,5.739784836769104004e-01,6.513868570327758789e-01,9.232402443885803223e-01,7.335788011550903320e-01,-2.415967732667922974e-01,8.491308093070983887e-01,1.398474812507629395e+00,1.534504443407058716e-01,-1.034405946731567383e+00,9.452962279319763184e-01,1.317833662033081055e+00,8.826822042465209961e-01,1.734770536422729492e-01,1.117746114730834961e+00
7.496783733367919922e-01,5.249333977699279785e-01,4.436820149421691895e-01,2.813462913036346436e-01,5.074833631515502930e-01,4.903686940670013428e-01,1.785674244165420532e-01,-5.049832165241241455e-02,4.452114701271057129e-01,7.172585725784301758e-01,4.538110792636871338e-01,5.252797007560729980e-01,7.243928909301757812e-01,6.308614611625671387e-01,9.390932321548461914e-01,-3.764540702104568481e-02,7.933217883110046387e-01,4.435772895812988281e-01,6.042565107345581055e-01,-1.547523289918899536e-01,8.821364641189575195e-01,-6.181869506835937500e-01,3.506535589694976807e-01,4.589204192161560059e-01,-1.646629124879837036e-01,1.179087400436401367e+00,5.734299123287200928e-02,4.978605210781097412e-01,-1.228727214038372040e-02,4.625184237957000732e-01,6.534385681152343750e-01,2.726834118366241455e-01,7.274055480957031250e-01,5.048298835754394531e-01,3.906793594360351562e-01,4.415353238582611084e-01,8.983529806137084961e-01,7.003331780433654785e-01,4.050165414810180664e-01,1.483253389596939087e-01,4.731439352035522461e-01,5.998980402946472168e-01,6.745113730430603027e-01,-2.137416750192642212e-01,-1.472937315702438354e-01,3.218094706535339355e-01,3.442223966121673584e-01,-2.202425599098205566e-01,3.241682192310690880e-03,5.792952179908752441e-01,4.972279071807861328e-01,3.409194648265838623e-01,4.436908066272735596e-01
7.942030429840087891e-01,1.463941574096679688e+00,1.928034663200378418e+00,-4.083334803581237793e-01,5.201727151870727539e-01,1.466901659965515137e+00,2.184899896383285522e-01,5.388146042823791504e-01,1.328315377235412598e+00,1.862957358360290527e+00,9.243222475051879883e-01,1.835882782936096191e+00,8.403313755989074707e-01,1.539664745330810547e+00,7.331198453903198242e-01,6.827408075332641602e-01,1.408389806747436523e-01,6.709504127502441406e-01,7.972605228424072266e-01,8.391833901405334473e-01,8.721129298210144043e-01,-9.837689995765686035e-01,9.114143848419189453e-01,-1.989559680223464966e-01,-4.756805300712585449e-01,1.610866338014602661e-01,1.307880878448486328e+00,1.547972083091735840e+00,1.091569900512695312e+00,2.197698205709457397e-01,-2.895104885101318359e-01,9.581958651542663574e-01,1.136975288391113281e+00,1.010167241096496582e+00,1.186841726303100586e+00,9.236096739768981934e-01,1.497000932693481445e+00,1.533116549253463745e-01,1.126098155975341797e+00,1.120539903640747070e+00,7.674804925918579102e-01,7.892154455184936523e-01,-2.362649887800216675e-01,-1.506237983703613281e-01,1.373144507408142090e+00,-1.211756095290184021e-01,1.239155888557434082e+00,-3.838589787483215332e-01,-1.235103964805603027e+00,1.348542422056198120e-01,1.116979122161865234e+00,7.653160691261291504e-01,7.312853932380676270e-01
1.324315547943115234e+00,1.386527061462402344e+00,1.757170915603637695e+00,8.367231488227844238e-01,1.528381228446960449e+00,2.049464941024780273e+00,8.886978030204772949e-01,1.855626821517944336e+00,1.211584568023681641e+00,2.098701238632202148e+00,1.515178680419921875e+00,1.517029762268066406e+00,2.061340361833572388e-01,1.464034676551818848e+00,3.616111278533935547e-01,8.718034029006958008e-01,2.506203055381774902e-01,1.504983067512512207e+00,7.493981122970581055e-01,1.691430449485778809e+00,1.056274294853210449e+00,3.505526110529899597e-02,1.019411325454711914e+00,3.301448822021484375e-01,3.912847042083740234e-01,-1.270214557647705078e+00,1.449510812759399414e+00,3.466893434524536133e-01,7.914959192276000977e-01,6.087912917137145996e-01,1.058468341827392578e+00,1.317148923873901367e+00,1.445488810539245605e+00,1.129523754119873047e+00,7.740142345428466797e-01,5.554429292678833008e-01,8.382126092910766602e-01,1.460247337818145752e-01,1.416774511337280273e+00,1.630885958671569824e+00,1.475184321403503418e+00,7.327741384506225586e-01,1.317729055881500244e-01,-1.189560666680335999e-01,1.878355026245117188e+00,6.851729750633239746e-01,1.849259018898010254e+00,-7.800346612930297852e-01,-5.477840900421142578e-01,8.415289521217346191e-01,7.896390557289123535e-01,-1.241349503397941589e-01,4.944907724857330322e-01
1.247210860252380371e+00,3.037096858024597168e-01,6.931407004594802856e-02,1.300728082656860352e+00,6.459444761276245117e-01,1.106782853603363037e-01,1.818364381790161133e+00,1.358178853988647461e+00,1.022762298583984375e+00,9.922999739646911621e-01,1.099564671516418457e+00,8.969151973724365234e-01,8.815841674804687500e-01,8.411225080490112305e-01,7.460426539182662964e-02,2.329639345407485962e-01,-3.460802510380744934e-02,1.550713539123535156e+00,5.079086497426033020e-02,2.133854150772094727e+00,-7.973865270614624023e-01,1.346927523612976074e+00,1.707098007202148438e+00,-4.758717119693756104e-02,1.574821114540100098e+00,-1.491460323333740234e+00,1.499256730079650879e+00,1.276433467864990234e+00,-9.970322251319885254e-02,2.140183210372924805e+00,2.052467584609985352e+00,1.272882938385009766e+00,1.010810136795043945e+00,6.489909887313842773e-01,1.388125777244567871e+00,8.120028972625732422e-01,-1.512704938650131226e-01,-3.514784574508666992e-01,1.078498363494873047e+00,1.682585954666137695e+00,9.875953197479248047e-01,1.579579561948776245e-01,-3.197675049304962158e-01,-1.499755620956420898e+00,1.279269814491271973e+00,1.674112319946289062e+00,1.609575986862182617e+00,-1.621815204620361328e+00,1.733756251633167267e-02,1.306332707405090332e+00,1.704132318496704102e+00,1.412373423576354980e+00,1.378836631774902344e+00
6.027109622955322266e-01,4.156647920608520508e-01,9.208441376686096191e-01,5.261211469769477844e-02,4.812206923961639404e-01,9.768179059028625488e-01,9.040876030921936035e-01,3.555042445659637451e-01,6.877225041389465332e-01,6.416650414466857910e-01,2.542393207550048828e-01,-1.222545132040977478e-01,7.661906480789184570e-01,2.920657694339752197e-01,-1.796645522117614746e-01,-7.390000224113464355e-01,-4.034377634525299072e-01,7.512630224227905273e-01,-8.334188461303710938e-01,1.385921359062194824e+00,2.845834791660308838e-01,7.565369606018066406e-01,6.533592939376831055e-01,2.165957540273666382e-01,1.147927880287170410e+00,1.141369864344596863e-01,5.559767484664916992e-01,-6.344529986381530762e-01,1.322562336921691895e+00,6.811578273773193359e-01,3.978180885314941406e-01,3.952707946300506592e-01,7.112303376197814941e-01,3.576239347457885742e-01,-2.061956971883773804e-01,8.723859190940856934e-01,-2.276877909898757935e-01,-1.067256212234497070e+00,6.844866871833801270e-01,7.479503750801086426e-01,1.628258228302001953e-01,-1.030213356018066406e+00,-8.543640375137329102e-01,2.440708726644515991e-01,-2.786650657653808594e-01,1.716601967811584473e+00,2.909139394760131836e-01,-1.036699771881103516e+00,-8.255553245544433594e-01,1.063042402267456055e+00,9.251482486724853516e-01,4.860679209232330322e-01,1.313107848167419434e+00
9.522390365600585938e-01,2.930460125207901001e-02,2.382137030363082886e-01,1.521133899688720703e+00,7.218239307403564453e-01,7.392221689224243164e-01,1.485458910465240479e-01,-4.939807653427124023e-01,7.261767238378524780e-02,-6.945288926362991333e-02,-5.209048464894294739e-02,-9.772437810897827148e-01,2.641768194735050201e-02,-6.253705620765686035e-01,5.334365963935852051e-01,-1.471930980682373047e+00,2.010032087564468384e-01,4.013069570064544678e-01,4.105343520641326904e-01,2.659161090850830078e-01,3.863999545574188232e-01,-6.712163090705871582e-01,2.173836231231689453e-01,1.300596743822097778e-01,1.520264744758605957e-01,1.786123961210250854e-01,-6.074281781911849976e-02,-7.911947369575500488e-01,6.718465685844421387e-01,1.076474547386169434e+00,8.716222047805786133e-01,1.832704693078994751e-01,1.969422847032546997e-01,-2.220404893159866333e-01,-8.569377660751342773e-01,4.167933762073516846e-01,-5.641977190971374512e-01,-5.917773842811584473e-01,1.111374571919441223e-01,4.310420155525207520e-01,-3.519496023654937744e-01,2.372605204582214355e-01,-4.004243016242980957e-01,-6.535607576370239258e-02,4.706259816884994507e-02,8.715531826019287109e-01,3.749199211597442627e-01,-1.230010509490966797e+00,-1.891904473304748535e+00,3.159713745117187500e-01,8.410739898681640625e-01,1.025382727384567261e-01,1.254589676856994629e+00
4.495030343532562256e-01,1.383018136024475098e+00,1.901751458644866943e-01,-8.643216490745544434e-01,4.696957394480705261e-02,5.311866998672485352e-01,9.585660696029663086e-01,-8.412629961967468262e-01,3.933116495609283447e-01,-1.490382757037878036e-02,1.449169367551803589e-01,4.738542437553405762e-01,5.608869791030883789e-01,1.149796620011329651e-01,4.778882265090942383e-01,-9.336808323860168457e-01,5.053027272224426270e-01,5.463917255401611328e-01,-3.016133904457092285e-01,1.024369835853576660e+00,7.822061777114868164e-01,-6.328561902046203613e-01,1.069258093833923340e+00,4.070655405521392822e-01,-4.742903709411621094e-01,1.237424373626708984e+00,-2.174116671085357666e-01,5.079144239425659180e-01,-4.206875339150428772e-02,1.032485485076904297e+00,2.582601308822631836e-01,-3.955711126327514648e-01,1.085656508803367615e-01,-1.281074248254299164e-02,-1.364348083734512329e-01,3.349274098873138428e-01,2.528393864631652832e-01,-9.545455873012542725e-02,1.588504910469055176e-01,7.451789975166320801e-01,4.934109449386596680e-01,-3.250774145126342773e-01,4.766451120376586914e-01,-1.021620035171508789e+00,3.788805333897471428e-03,4.156305789947509766e-01,1.914613544940948486e-01,2.633674442768096924e-01,-4.763907492160797119e-01,3.656073510646820068e-01,5.833196043968200684e-01,2.013555914163589478e-01,6.832631230354309082e-01
4.193191826343536377e-01,1.108777523040771484e+00,1.532436251640319824e+00,-8.092662692070007324e-01,6.173245906829833984e-01,1.869418382644653320e+00,-1.413740962743759155e-01,6.863994002342224121e-01,5.956262946128845215e-01,8.496340513229370117e-01,-2.427699863910675049e-01,4.744779765605926514e-01,-5.333534479141235352e-01,1.279150724411010742e+00,6.149534583091735840e-01,-1.537513613700866699e+00,2.445831000804901123e-01,3.723760247230529785e-01,8.717218786478042603e-02,-1.768579483032226562e-01,1.246836781501770020e+00,-1.269034981727600098e+00,-6.851662695407867432e-02,9.433979988098144531e-01,-4.278247058391571045e-01,8.734125494956970215e-01,-9.193815588951110840e-01,-1.218646764755249023e+00,2.072567939758300781e+00,-8.759998679161071777e-01,-1.102148056030273438e+00,1.182428896427154541e-01,1.383543759584426880e-01,-6.029960513114929199e-01,-5.060102939605712891e-01,-3.901792168617248535e-01,4.703634083271026611e-01,-1.378437429666519165e-01,1.541062444448471069e-01,3.103647530078887939e-01,8.331418037414550781e-01,-2.635073065757751465e-01,-4.989319946616888046e-03,1.517518639564514160e+00,6.648257374763488770e-01,-1.745994575321674347e-02,-3.659482300281524658e-01,-1.834479421377182007e-01,1.015588194131851196e-01,4.979898035526275635e-01,-3.891400396823883057e-01,-1.666760325431823730e+00,-6.704272329807281494e-02
1.129515409469604492e+00,1.505116105079650879e+00,1.605138778686523438e+00,1.072765946388244629e+00,9.315639734268188477e-01,1.384290099143981934e+00,7.861242294311523438e-01,1.855997323989868164e+00,1.472872614860534668e+00,1.911292076110839844e+00,9.033610224723815918e-01,2.372743844985961914e+00,8.205051422119140625e-01,1.529507637023925781e+00,9.441426992416381836e-01,2.897508740425109863e-01,-1.464284062385559082e-01,8.890177607536315918e-01,6.466259360313415527e-01,6.989735364913940430e-02,2.132219314575195312e+00,-4.447581470012664795e-01,9.867930412292480469e-01,-3.899255767464637756e-02,-5.590476468205451965e-02,4.930056631565093994e-01,2.398150861263275146e-01,8.759748339653015137e-01,1.152744531631469727e+00,1.543339252471923828e+00,2.063651561737060547e+00,1.053995370864868164e+00,1.626690506935119629e+00,6.723968982696533203e-01,9.095654487609863281e-01,9.002482295036315918e-01,1.455234408378601074e+00,4.214492738246917725e-01,8.588094711303710938e-01,8.961877226829528809e-01,4.000510573387145996e-01,8.379634618759155273e-01,-5.228090882301330566e-01,4.371036291122436523e-01,6.566688418388366699e-01,2.258067131042480469e-01,8.132007122039794922e-01,-2.945759892463684082e-01,-1.753796339035034180e+00,2.695465683937072754e-01,1.061000585556030273e+00,6.252323985099792480e-01,6.595242023468017578e-01
1.435001492500305176e+00,1.585436463356018066e+00,1.410495638847351074e+00,6.012114882469177246e-01,1.349903583526611328e+00,3.983295857906341553e-01,1.967668294906616211e+00,9.047149419784545898e-01,1.150272846221923828e+00,7.259164452552795410e-01,1.157166600227355957e+00,1.547551274299621582e+00,2.139174699783325195e+00,-2.675551474094390869e-01,1.826374381780624390e-01,1.748422384262084961e+00,5.045511126518249512e-01,2.035772800445556641e+00,2.099353671073913574e-01,2.358490943908691406e+00,2.583098411560058594e-02,2.212261676788330078e+00,1.607689380645751953e+00,1.189513087272644043e+00,2.549230813980102539e+00,-6.558141708374023438e-01,1.783535361289978027e+00,1.851815819740295410e+00,5.266997218132019043e-01,1.346489667892456055e+00,8.487367033958435059e-01,8.058174848556518555e-01,7.554463744163513184e-01,8.753388524055480957e-01,9.111261367797851562e-01,1.416828870773315430e+00,-4.284650981426239014e-01,-8.626556396484375000e-02,1.301490545272827148e+00,2.119500637054443359e+00,1.473658323287963867e+00,6.719361543655395508e-01,3.619140088558197021e-01,-1.414765834808349609e+00,1.000745654106140137e+00,2.076849222183227539e+00,1.547631263732910156e+00,-1.431957006454467773e+00,8.553528785705566406e-01,1.795233964920043945e+00,1.483773827552795410e+00,1.831356525421142578e+00,1.298077821731567383e+00
1.171304225921630859e+00,6.932498216629028320e-01,9.826765060424804688e-01,1.699720501899719238e+00,1.871687412261962891e+00,8.731670975685119629e-01,1.615764498710632324e+00,4.863806068897247314e-01,9.081009030342102051e-01,4.423645436763763428e-01,1.174376964569091797e+00,5.955102667212486267e-02,1.022305488586425781e+00,-7.127757668495178223e-01,-4.253168106079101562e-01,4.813422635197639465e-02,-2.552181780338287354e-01,1.621075391769409180e+00,-9.945998191833496094e-01,1.755554914474487305e+00,-2.995007112622261047e-02,2.259106397628784180e+00,1.283776044845581055e+00,6.216858029365539551e-01,2.386868476867675781e+00,-6.305572390556335449e-01,9.819073677062988281e-01,5.953763127326965332e-01,2.460237026214599609e+00,8.551650047302246094e-01,-2.673476934432983398e-02,1.074496746063232422e+00,6.877118945121765137e-01,5.150166153907775879e-01,2.160877734422683716e-02,9.047742486000061035e-01,-1.211957216262817383e+00,-6.357969045639038086e-01,8.356859683990478516e-01,7.944264411926269531e-01,9.363582134246826172e-01,-1.023652672767639160e+00,-5.146206617355346680e-01,1.168604940176010132e-01,7.452361285686492920e-03,2.486711978912353516e+00,8.034557700157165527e-01,-1.768586277961730957e+00,-2.223201543092727661e-01,1.549558281898498535e+00,1.601593852043151855e+00,1.834259748458862305e+00,1.843304276466369629e+00
1.388491868972778320e+00,1.259056091308593750e+00,8.043161034584045410e-01,2.192294120788574219e+00,1.149212360382080078e+00,5.988714098930358887e-01,1.872418284416198730e+00,-6.087784171104431152e-01,8.582120537757873535e-01,-1.255186647176742554e-01,6.366955041885375977e-01,3.188866972923278809e-01,1.924745202064514160e+00,-7.599597573280334473e-01,7.395671010017395020e-01,1.007762253284454346e-01,8.154955506324768066e-01,1.136640548706054688e+00,5.079414248466491699e-01,1.708424687385559082e+00,5.889828205108642578e-01,9.745957851409912109e-01,7.401400804519653320e-01,9.796040654182434082e-01,1.142992854118347168e+00,-2.510543167591094971e-01,1.195132970809936523e+00,2.055223941802978516e+00,8.093345165252685547e-01,1.876950502395629883e+00,1.326077342033386230e+00,4.856247007846832275e-01,6.944354176521301270e-01,2.822200357913970947e-01,1.128843426704406738e+00,1.582924723625183105e+00,-2.542659640312194824e-02,-1.779948472976684570e-01,7.987576127052307129e-01,1.439449787139892578e+00,7.747448682785034180e-01,6.016008853912353516e-01,3.610956370830535889e-01,-1.653659939765930176e+00,8.910581469535827637e-01,1.594692945480346680e+00,1.037521004676818848e+00,-1.391837120056152344e+00,-5.472565889358520508e-01,1.112500309944152832e+00,1.940961360931396484e+00,2.184922218322753906e+00,1.653237581253051758e+00
9.733390808105468750e-01,1.434499979019165039e+00,4.057939350605010986e-01,-2.516727447509765625e-01,5.820320248603820801e-01,2.044958323240280151e-01,2.273751497268676758e+00,2.778729200363159180e-01,1.046251058578491211e+00,5.630803108215332031e-02,1.147445082664489746e+00,8.547279238700866699e-01,1.525781154632568359e+00,-2.084394544363021851e-01,1.343259364366531372e-01,7.938739061355590820e-01,9.102997779846191406e-01,1.314392924308776855e+00,4.293579459190368652e-01,2.096207141876220703e+00,-6.172926425933837891e-01,8.136686086654663086e-01,1.299597620964050293e+00,1.314044833183288574e+00,1.577830791473388672e+00,6.096680760383605957e-01,1.645870089530944824e+00,1.464424133300781250e+00,1.613875329494476318e-01,1.350446224212646484e+00,2.824321389198303223e-01,-9.321688115596771240e-02,3.112511336803436279e-01,8.651026487350463867e-01,1.175113543868064880e-01,1.062580704689025879e+00,-7.968872040510177612e-02,-1.289849132299423218e-01,8.544427752494812012e-01,1.231748104095458984e+00,1.207072615623474121e+00,5.085257887840270996e-01,9.793434739112854004e-01,-1.694423198699951172e+00,-2.464289069175720215e-01,1.274703741073608398e+00,9.581359624862670898e-01,-6.040992140769958496e-01,5.393108725547790527e-01,1.247332930564880371e+00,1.582875132560729980e+00,1.230097889900207520e+00,1.266484975814819336e+00
1.148076295852661133e+00,1.136958241462707520e+00,1.758250474929809570e+00,7.380355596542358398e-01,1.489277124404907227e+00,1.584572911262512207e+00,1.592702507972717285e+00,7.410436868667602539e-01,9.692372679710388184e-01,4.511593878269195557e-01,4.565285146236419678e-01,1.443950176239013672e+00,6.820675134658813477e-01,8.601422309875488281e-01,7.722870260477066040e-02,1.032280176877975464e-01,3.881008327007293701e-01,6.512229442596435547e-01,-3.443435728549957275e-01,1.239173173904418945e+00,3.313492536544799805e-01,2.540890574455261230e-01,8.174608349800109863e-01,9.909865856170654297e-01,5.134299397468566895e-01,4.264783561229705811e-01,6.190451383590698242e-01,4.248220622539520264e-01,8.513481616973876953e-01,-1.550043821334838867e-01,-3.565319478511810303e-01,-1.239288002252578735e-01,8.961498141288757324e-01,6.152250766754150391e-01,2.103384435176849365e-01,4.142844974994659424e-01,1.317719936370849609e+00,1.130962669849395752e-01,6.695618033409118652e-01,6.260963678359985352e-01,7.084982395172119141e-01,2.531242743134498596e-02,3.337729275226593018e-01,-4.637134373188018799e-01,1.106957435607910156e+00,9.119144678115844727e-01,6.206306815147399902e-01,-8.864668011665344238e-01,-5.307265520095825195e-01,6.806720495223999023e-01,7.364706993103027344e-01,-8.754040114581584930e-03,4.949049651622772217e-01
9.207319617271423340e-01,1.125609159469604492e+00,3.705596625804901123e-01,1.176552534103393555e+00,8.392692208290100098e-01,2.820656001567840576e-01,1.391876697540283203e+00,8.509749770164489746e-01,8.880962729454040527e-01,-2.267066985368728638e-01,3.920246064662933350e-01,1.051410675048828125e+00,5.872614383697509766e-01,2.598407864570617676e-01,4.779929816722869873e-01,-8.568067848682403564e-02,9.966918826103210449e-01,9.167407155036926270e-01,5.272864699363708496e-01,9.647469520568847656e-01,1.429483294486999512e-01,-2.112957090139389038e-01,1.285588741302490234e+00,1.050444841384887695e+00,4.514641463756561279e-01,4.116903841495513916e-01,3.963067531585693359e-01,8.161172866821289062e-01,8.743799328804016113e-01,1.358963370323181152e+00,1.250947356224060059e+00,3.566706776618957520e-01,8.108806014060974121e-01,1.970502547919750214e-02,3.582375049591064453e-01,4.406276047229766846e-01,7.828561663627624512e-01,1.490955203771591187e-01,7.452432513236999512e-01,8.687815666198730469e-01,5.834469795227050781e-01,7.044402360916137695e-01,9.660494923591613770e-01,-3.483213186264038086e-01,8.431344628334045410e-01,3.315862417221069336e-01,3.469148278236389160e-01,-4.666939973831176758e-01,6.232128143310546875e-01,6.146076321601867676e-01,4.014101028442382812e-01,-1.834418326616287231e-01,2.834864258766174316e-01
1.133502960205078125e+00,1.445355534553527832e+00,5.378249883651733398e-01,1.239950537681579590e+00,7.417466640472412109e-01,1.096120834350585938e+00,1.556327939033508301e+00,8.432064056396484375e-01,1.145175218582153320e+00,8.039956688880920410e-01,8.980665206909179688e-01,1.034763336181640625e+00,1.519077301025390625e+00,9.775176048278808594e-01,8.774662017822265625e-01,9.239286780357360840e-01,7.784726619720458984e-01,9.341238737106323242e-01,7.247733473777770996e-01,9.145033955574035645e-01,7.747082114219665527e-01,-4.302773177623748779e-01,1.224495172500610352e+00,8.218287229537963867e-01,1.368669271469116211e-01,-3.791326880455017090e-01,6.569083929061889648e-01,-2.420084923505783081e-01,1.170789718627929688e+00,1.502341985702514648e+00,1.167365312576293945e+00,1.236004590988159180e+00,1.490259766578674316e+00,1.242716312408447266e+00,1.036945939064025879e+00,1.159550309181213379e+00,1.611306071281433105e+00,8.250084519386291504e-01,1.318089127540588379e+00,1.074008822441101074e+00,8.878177404403686523e-01,9.113323092460632324e-01,9.439579248428344727e-01,1.064416646957397461e+00,9.827879667282104492e-01,2.543331682682037354e-01,8.588044643402099609e-01,-1.363690048456192017e-01,-1.809349209070205688e-01,6.551929116249084473e-01,6.741678118705749512e-01,1.495413184165954590e-01,6.730120182037353516e-01
1.195318937301635742e+00,9.876664876937866211e-01,1.342471003532409668e+00,9.644043445587158203e-01,1.295952439308166504e+00,9.248629808425903320e-01,1.069342494010925293e+00,1.023005604743957520e+00,1.398021817207336426e+00,8.099045157432556152e-01,1.003689169883728027e+00,1.490866065025329590e+00,7.063918709754943848e-01,1.048763394355773926e+00,5.881329774856567383e-01,2.042681127786636353e-01,7.370117902755737305e-01,1.044135212898254395e+00,9.636753797531127930e-01,1.144588708877563477e+00,9.944215416908264160e-01,-3.796052634716033936e-01,1.113382220268249512e+00,1.465137720108032227e+00,4.328222870826721191e-01,-3.476454317569732666e-02,7.841858863830566406e-01,5.566930174827575684e-01,1.747051715850830078e+00,8.536155223846435547e-01,3.844045698642730713e-01,1.809780955314636230e+00,1.524737477302551270e+00,7.240730524063110352e-01,1.261020779609680176e+00,9.776385426521301270e-01,1.959011077880859375e+00,9.336782097816467285e-01,1.442578434944152832e+00,1.163430690765380859e+00,1.159368276596069336e+00,1.051602363586425781e+00,7.664720416069030762e-01,1.264165878295898438e+00,2.393742322921752930e+00,5.564306974411010742e-01,8.695742487907409668e-01,-6.704773902893066406e-01,1.397116333246231079e-01,8.081108331680297852e-01,9.900660514831542969e-01,-8.585298061370849609e-01,5.045246481895446777e-01
7.186362147331237793e-01,3.858941495418548584e-01,4.822298288345336914e-01,1.085421442985534668e+00,9.105576872825622559e-01,3.642196357250213623e-01,9.378542304039001465e-01,9.432935118675231934e-01,2.649709284305572510e-01,-6.278145313262939453e-01,1.164540648460388184e-01,-7.718116641044616699e-01,2.002173066139221191e-01,-6.578356623649597168e-01,4.917073547840118408e-01,-1.068210363388061523e+00,9.739823937416076660e-01,2.131226658821105957e-01,1.062367916107177734e+00,1.025044441223144531e+00,-1.316214501857757568e-01,4.995885193347930908e-01,4.058777093887329102e-01,1.731835365295410156e+00,6.686676740646362305e-01,3.108663260936737061e-01,1.095474809408187866e-01,-5.498178601264953613e-01,8.869702368974685669e-02,1.535416603088378906e+00,1.939562439918518066e+00,-2.287777662277221680e-01,1.593295037746429443e-01,7.117079198360443115e-02,2.476000934839248657e-01,5.461575984954833984e-01,-1.647114157676696777e-01,2.491139024496078491e-01,6.559079289436340332e-01,4.294253587722778320e-01,8.886330127716064453e-01,9.173752665519714355e-01,1.085128188133239746e+00,-1.749736547470092773e+00,-9.596636891365051270e-01,1.744464755058288574e+00,6.927675753831863403e-02,-8.899192810058593750e-01,6.752926111221313477e-01,1.318670153617858887e+00,1.193794250488281250e+00,-2.574866712093353271e-01,9.782683849334716797e-01
4.057472050189971924e-01,3.119884431362152100e-01,9.668585658073425293e-01,-3.271950781345367432e-01,1.937572062015533447e-01,8.532587885856628418e-01,-5.001464486122131348e-01,-4.514324069023132324e-01,4.155611097812652588e-01,-4.087019264698028564e-01,7.693010568618774414e-02,-7.128422707319259644e-02,-3.005941212177276611e-01,1.067433431744575500e-01,9.504792690277099609e-01,-1.654155015945434570e+00,6.252633333206176758e-01,-2.844570279121398926e-01,4.827886819839477539e-01,8.912301808595657349e-02,7.116775512695312500e-01,-1.188584089279174805e+00,4.591684043407440186e-01,5.699238181114196777e-01,-1.385128617286682129e+00,6.820956468582153320e-01,-1.328589916229248047e-01,5.834689736366271973e-01,4.086619913578033447e-01,6.987183541059494019e-02,-3.982332646846771240e-01,1.446503400802612305e-01,5.373809933662414551e-01,5.877469778060913086e-01,3.702755272388458252e-01,-1.087511777877807617e-01,1.680418491363525391e+00,3.880708515644073486e-01,1.298627704381942749e-01,6.501372456550598145e-01,5.884222984313964844e-01,5.566428303718566895e-01,4.701352715492248535e-01,-1.358999013900756836e-01,7.595302462577819824e-01,-1.231654211878776550e-01,-2.477976381778717041e-01,2.226682156324386597e-01,-1.163740754127502441e+00,4.782260581851005554e-02,7.233723998069763184e-01,6.655859760940074921e-04,4.514952600002288818e-01
2.077820450067520142e-01,1.538697183132171631e-01,6.306935548782348633e-01,1.091058731079101562e+00,6.132373809814453125e-01,8.447982072830200195e-01,-6.912835240364074707e-01,6.680429577827453613e-01,7.010511159896850586e-01,8.131275326013565063e-02,7.428922504186630249e-02,3.437354415655136108e-02,-3.673043847084045410e-01,1.067433431744575500e-01,9.810339808464050293e-01,-1.224322319030761719e+00,1.014283776283264160e+00,1.375295370817184448e-01,7.525004148483276367e-01,-4.025324881076812744e-01,1.089662194252014160e+00,-1.883331656455993652e+00,3.782742619514465332e-01,1.209343791007995605e+00,-1.324636340141296387e+00,6.194826960563659668e-01,-1.984745264053344727e-01,-7.853135466575622559e-01,1.349010229110717773e+00,8.054459095001220703e-01,3.635282814502716064e-01,1.606549739837646484e+00,8.889638781547546387e-01,3.311112821102142334e-01,4.376724064350128174e-01,4.693598151206970215e-01,3.953383266925811768e-01,8.867778182029724121e-01,1.221266269683837891e+00,3.733593225479125977e-01,3.386438190937042236e-01,8.260676860809326172e-01,9.048245549201965332e-01,1.843534708023071289e+00,5.492515563964843750e-01,-2.027807384729385376e-01,-7.359957089647650719e-04,-4.052071273326873779e-01,-4.979209899902343750e-01,9.719954431056976318e-02,2.765795588493347168e-01,-1.213249087333679199e+00,5.133912563323974609e-01
6.516345143318176270e-01,1.303355693817138672e+00,1.056473612785339355e+00,-4.216547012329101562e-01,6.731957197189331055e-01,7.840459942817687988e-01,7.045961171388626099e-02,-1.204958185553550720e-01,1.106311798095703125e+00,6.249706745147705078e-01,7.186139822006225586e-01,1.014221906661987305e+00,3.686451613903045654e-01,2.745179235935211182e-01,1.113704323768615723e+00,-4.515909552574157715e-01,1.642609715461730957e+00,6.935751438140869141e-01,1.360433101654052734e+00,7.212997078895568848e-01,7.554751038551330566e-01,-1.528555870056152344e+00,1.013222575187683105e+00,2.013086318969726562e+00,-2.279841154813766479e-01,1.470961570739746094e+00,7.069533467292785645e-01,-1.152317821979522705e-01,2.482111603021621704e-01,3.744233846664428711e-01,-3.196024894714355469e-01,-9.317684173583984375e-02,9.202786087989807129e-01,7.801432609558105469e-01,1.067356541752815247e-01,7.146803140640258789e-01,3.410475552082061768e-01,1.102486968040466309e+00,1.288780450820922852e+00,4.923539161682128906e-01,1.299564957618713379e+00,1.887603998184204102e+00,1.658439636230468750e+00,5.846974253654479980e-01,2.530828118324279785e-01,3.171262145042419434e-01,9.058430194854736328e-01,-5.106713771820068359e-01,1.304377913475036621e-01,1.360588550567626953e+00,5.142368078231811523e-01,-9.125056862831115723e-01,5.254905223846435547e-01
