0,1,2,3,4,5,6,7,8,9,10,11,12,13,14,15,16,17,18,19,20,21,22,23,24,25,26,27,28,29,30,31,32,33,34,35,36,37,38,39,40,41,42,43,44,45,46,47,48,49,50,51,52,53,54,55,56,57,58,59,60,61,62,63,64,65,66,67,68,69,70,71,72,73,74,75,76,77,78,79,80,81,82,83,84,85,86,87,88,89,90,91,92,93,94,95,96,97,98,99
0.0,0.46363771660518044,0.48222377296060026,0.37943323298880316,0.40755620218950617,0.5017249385743833,0.49646230462585234,0.25767461749306414,0.25226325670817373,0.4116251373613688,0.3341353623535857,0.2808216800413281,0.20014712255677317,0.12539489859965722,0.0324391887302342,0.6110066413636647,0.24312854193216776,0.1176314182953585,0.3007006306467066,0.07735827406100954,-0.13195364134221912,0.1324979776269754,0.24041794031535058,0.2136320530538037,0.29025319420980916,0.10322486360958177,0.0675576947321247,0.196883071081062,0.4440141596137023,0.1398018253207322,0.19802021094808933,0.34858918243516446,0.29511796948701724,0.22954368761719854,0.14147687517293536,0.06644380750483525,0.37472827183713964,0.5121146319751774,0.33463463087871803,0.2248079431011666,0.16991145354497036,0.44286579759816325,0.23147447726222106,0.3067019248402194,0.39644305139902,0.12744107527368762,0.14301591471739208,0.22610038755630088,0.44792425958869875,0.3765708349050172,0.6992099599165995,0.439443528381501,0.3246459408180788,0.2274948723971693,0.5905683158538696,0.6118595702029686,0.07225013586081512,0.19803593732488173,0.18255277433253178,0.23725773833858185,0.25027521354709226,0.06935046854233232,0.21160318181851664,0.08516296531511178,0.06916411755489979,0.19385665158526977,0.12053352994934351,0.1208753908444802,0.040361995843668536,0.07068579454346641,0.026604371154605993,0.10885756795293176,0.13499986283177776,0.059177867295768516,0.1096995656160548,0.19480234454684814,0.28666894858812764,0.16588321514720938,0.19874011937200417,0.3474772168422387,-0.09661061131113785,-0.09339291729922224,0.25275262536611126,0.17209148397034685,0.0878306043335511,-0.002774634977878372,0.34158898673557864,0.18060846150919949,0.22156368633774223,-0.019722815211978995,0.27970104647664545,0.4023527805694414,0.3261722062066374,0.30192363029534225,0.22369622518256915,0.3544024077077448,0.11339136906618041,0.16371981235383323,0.635528207934597,0.38684091891592204
0.46363771660518044,0.0,0.7791596256593367,0.7381381076033692,0.7805871755236611,0.6489623843633454,0.5726528473784281,0.5509715648053792,0.5492754741848794,0.4882392503348692,0.36610326709404245,0.4018639340472327,0.2871531936240467,0.3372646578877979,0.32282367699137354,0.7139313856940672,0.37162457747931504,0.3920326466858579,0.3985185561516882,0.45545263616163434,0.11297302136176685,0.3560204501908319,0.4789926815935191,0.35870746386522134,0.43200365149091535,0.3275014348254074,0.32989372933685535,0.3845803849688767,0.5106959736405879,0.4655988601343922,0.252131545126424,0.25195864366258514,0.34105346908441164,0.4152981266670704,0.3100069457032699,0.4071002457335168,0.5394229801206001,0.3778447203120077,0.43728755191675817,0.42309167848652546,0.21153776245714537,0.38833849619931615,0.3900482076744377,0.2690202020919903,0.31567779226885434,0.140583547530888,0.2514470071819621,0.32286698538414305,0.3330978384372403,0.35371081561921786,0.5380788626458834,0.7568440077588459,0.48535032616844287,0.5637819791967466,0.7185965567734515,0.5807018294633662,0.3812486301640472,0.49120768053089964,0.3231238167253831,0.28977958747267235,0.38892373330935515,0.11871221525451152,0.32782444952440865,0.13461564105158186,0.23370291822030842,0.4283485788933804,0.2156583451311154,0.2691236589087826,0.3157819418151755,0.40784306804637094,0.2962042151329677,0.31921202477649047,0.41123643292976814,0.355127275756687,0.2732983003855494,0.4069827069614041,0.5325714933920715,0.46421841113753665,0.1865355134748237,0.2935912798808456,0.15929403513243315,0.062229287866317304,0.28758688145237876,0.2654480089256777,0.25911410713338834,0.2183607148029717,0.5033439490218702,0.2619766690402777,0.5664978317026339,0.13903849370652835,0.22612102829134145,0.4851220459368246,0.37088717219157363,0.2864200979073257,0.2705301794134337,0.23869366890633578,0.08601886349913736,0.36417106216173023,0.541625856186691,0.3989332851487496
0.48222377296060026,0.7791596256593367,0.0,0.5203808613667948,0.6371953437774192,0.7945437472385264,0.5958927818065592,0.5758035896557764,0.6237473960959505,0.5364117664242842,0.461101190697415,0.5156097068694379,0.3501400047765141,0.4097556407325803,0.41444127000166703,0.6380861647080541,0.46807480493272563,0.4146656948310194,0.4662960663495842,0.4294554023365511,0.24815654216909117,0.3570553077254732,0.4540047731294289,0.4465890652968759,0.4491941915619132,0.36289350441654133,0.335038830155234,0.4078288339854569,0.5216859914049787,0.48667484749560475,0.16571512859127055,0.19946626904648765,0.24852931728866395,0.4305535828736026,0.3227622369253604,0.5129255611820503,0.48306665084126144,0.305029881081641,0.4875952007662576,0.5144636667826041,0.2681322026070767,0.36507401363490366,0.3597803190580242,0.25473622224491993,0.21363612107022475,0.17463672457162974,0.2810324892940678,0.3451593356982442,0.42609990196675235,0.3464814426967552,0.5180922500667793,0.695445632582898,0.3224258327074942,0.4101780023137283,0.7141410140293174,0.6661067457292262,0.3698268617852974,0.5172058579803065,0.4611099094030249,0.4326586427472487,0.5358442525908366,0.2501940400801424,0.43821440072099255,0.2898019985467009,0.36094185557057906,0.5134944948327431,0.21609825232301783,0.36780589677443354,0.3380433783902955,0.3950063775033543,0.32416945848487533,0.370440066265919,0.47384388827634366,0.41165729346004987,0.3918298613657188,0.4829871761697567,0.5209253683485885,0.4856536012100676,0.10997177436320436,0.17335119698446927,0.2425142771802899,0.08434120031536035,0.21675882691457032,0.26145029874626996,0.26892668040779866,0.30575495012017856,0.4527123822936672,0.2576968873472792,0.556351520269463,0.18047083487825016,0.14343118667638138,0.5541658862225379,0.4317222612735798,0.31369709372528565,0.27020932282720134,0.20411435884592505,0.1311702125892819,0.365854407631337,0.5046066649838632,0.3851877206915134
0.37943323298880316,0.7381381076033692,0.5203808613667948,0.0,0.6901056834540865,0.5418274423360198,0.4251155123794563,0.6181113076372277,0.42203846329286676,0.407444561987661,0.21541074883078196,0.24496560357948274,0.11073440704553632,0.10002238344853095,0.11116876009240885,0.6774095865991625,0.15076648672114878,0.29296792986110703,0.2531659248129686,0.3257058207665533,0.018101694240335923,0.21326990680495797,0.3503077722616845,0.19972641157394344,0.29285956145211245,0.1495097163751081,0.17642960371134064,0.20328141199953054,0.4629998732927496,0.24896872055136585,0.3161563175199917,0.3757411910271754,0.38721554902693656,0.2676517939704136,0.17295759101947056,0.19869697379567428,0.3963533136738064,0.44895163203497784,0.3712417856517407,0.3524097295380649,0.04611235131709991,0.3581789573367444,0.25590805529937244,0.24447010675743308,0.38977761315972353,0.0036390580149018937,0.020077329630209306,0.13877270936218472,0.2542843827080145,0.2632562510816752,0.47291206011896564,0.6460119170046604,0.5654524934587404,0.7364148565650089,0.6862823752028511,0.5015833166693469,0.44745956080715227,0.46518227957652575,0.23412928590080825,0.16926941848963542,0.2616514313504304,-0.03730731158454425,0.09795554417634514,-0.09388793713468359,0.05173945047504794,0.18552117448473174,0.33263640115397597,0.08000851463519931,0.15016005729718152,0.2749093248118434,0.20590465788161672,0.1957847055220858,0.2413513399569242,0.3114761603960741,0.14670568624308347,0.2848355975407918,0.49453360803379515,0.27849661609580456,0.3068875287142555,0.42342627884130474,-0.0317693167087297,0.018763839225699047,0.29321132149487383,0.21660922882200914,0.21214622056107632,0.037628868895419366,0.3988906228054817,0.17510002712747447,0.46477689144491435,0.1906010891199988,0.37619202076181224,0.4608811888301803,0.31681944462199874,0.26317512382963965,0.2762632726071952,0.28520821453201123,0.025118091160969615,0.27194111316067177,0.47031904713723643,0.34946836775823964
0.40755620218950617,0.7805871755236611,0.6371953437774192,0.6901056834540865,0.0,0.6169580337897325,0.4942501564540727,0.556192976207395,0.5653344770041256,0.45345187557694877,0.32399319360849144,0.3553706926969547,0.23479938158379896,0.2829613973672111,0.35129960396169657,0.6664286618869429,0.3036401632295998,0.38389306653668837,0.3398079979100336,0.47843052010741666,0.12840654767076515,0.32117691107724033,0.42302139843731784,0.2796218530800581,0.4093905178298267,0.2569570505255721,0.3070181291644756,0.4035778060060561,0.5307235362081917,0.46327617221208656,0.2020342478774778,0.3245419073613477,0.4172230744421725,0.4028495771174126,0.29092320579426995,0.3519984344890181,0.5529172312656503,0.3970908580228317,0.40681404893230844,0.39133133904458606,0.1800355246220591,0.3957381211640974,0.36474917024326053,0.2641250201574984,0.29668382340881727,0.14214205364040494,0.225164924552769,0.3096040600675285,0.429105480703873,0.4019209403040356,0.43489071166447674,0.7558064386616367,0.49966805108133533,0.7106495257882406,0.706839418362145,0.5641882264098936,0.39154678029336154,0.5222046917961081,0.3468187823797277,0.25345760040826104,0.36713386197059533,0.11563052274535963,0.2811114888721345,0.0975524143021042,0.2271539859434684,0.36999901732356205,0.24986725946511942,0.23834896481287857,0.32534525651787305,0.42386932594336657,0.3165157224468961,0.2805970828485519,0.3789948230788913,0.27726766574968253,0.24616517808098018,0.3716706214011313,0.5205978308522277,0.4537378077221995,0.159783362957426,0.30507889207786465,0.1465929697468997,0.10275920760953741,0.3227390974010064,0.27609429345251413,0.2631360778424948,0.20156911054211918,0.5178963125808607,0.2828495524664372,0.5820326391723378,0.14053718962002973,0.2892771765310817,0.4093630990554971,0.3212420338184559,0.31921869451210017,0.279058980067934,0.2481956333736568,0.13008806771260353,0.3613203965270329,0.47200615649251243,0.42768590631577164
0.5017249385743833,0.6489623843633454,0.7945437472385264,0.5418274423360198,0.6169580337897325,0.0,0.5818488280427055,0.5356145821128441,0.6479508501243747,0.5899699802723096,0.47214765596865144,0.5000107012447899,0.3238835507296379,0.28372935371520325,0.2851308834004528,0.6289150191141054,0.31960410055883676,0.2634095097609655,0.35432306390588275,0.2945561524615942,0.043766528971521355,0.33985319294561567,0.38701866324141987,0.30406168405630446,0.47025668522142805,0.34258496095868624,0.24070669117060095,0.41795570141538607,0.5650980298119703,0.39392189436973174,0.20598102379674746,0.3326001449701613,0.35713325639251425,0.33590671992439813,0.3284710818907375,0.4354551068271076,0.48682438283759505,0.45164981308526203,0.5399281842106504,0.4539124262791817,0.2359785145444012,0.4980337347681212,0.42454040289883666,0.3974585963495336,0.3014255646125598,0.20360807638190298,0.24848737001953908,0.37396636895073865,0.6377670649617508,0.49252305922328576,0.5226965643510363,0.6722717919246254,0.36741971695129527,0.45978984437253434,0.8355464138643841,0.8095127291640093,0.37672371936278937,0.46747959871395406,0.4829473243551198,0.4307697694201794,0.529407870452198,0.23405000307635584,0.35489095585072616,0.119983849360993,0.15171617095114012,0.31939366485844417,0.30866771047618485,0.2802936225156463,0.20719751072798448,0.21907662355859575,0.10402899476132225,0.34802163340714803,0.3444035198720301,0.3345735444066576,0.3074874001932552,0.49834529760702045,0.4699456303166934,0.3959989608829316,0.1760807246725105,0.2740294435894617,0.047910682263042514,0.03667946027127009,0.25427206316850137,0.25034929983283305,0.21202750362982897,0.2228501036959368,0.47081505175879035,0.36556938128232924,0.4876216808140915,0.18339230360827036,0.28334002768892785,0.5791501961990838,0.45194972235690756,0.44851700785483894,0.3993471697252987,0.3865407349256331,0.15540990555246254,0.3291750229619166,0.675712928928777,0.5316455266903845
0.49646230462585234,0.5726528473784281,0.5958927818065592,0.4251155123794563,0.4942501564540727,0.5818488280427055,0.0,0.5981741044172573,0.5688480116727872,0.4947711893730948,0.471931917269053,0.46769545998656464,0.3107876039373497,0.4721141039163367,0.4880721002670257,0.6682092859231212,0.5466687249832376,0.5475534081566488,0.5427746285781856,0.4312990766674676,0.32297502893461333,0.46832543398207693,0.5242325581680268,0.568057213361744,0.493662987346241,0.3837064786065591,0.4218787890705866,0.4468868763451135,0.6326463349614165,0.5167105226970446,0.14399219756467235,0.13717847688663526,0.3179186036938566,0.507095853546996,0.3558444319392295,0.48456593207814874,0.38544019751334574,0.42997625632099357,0.44236242614991195,0.645943531808428,0.46168009724280396,0.3660210135428697,0.3877680385680998,0.2701527110755193,0.18815792495473732,0.2783888116227738,0.3805025091235646,0.35640906778433507,0.40992113868213204,0.42343520616870967,0.3628097930867952,0.5685719441466941,0.26145303137719816,0.37113426587715187,0.5678671246619262,0.5508755990210293,0.38431277518938256,0.4966387896520842,0.331550468830289,0.4047655759131394,0.33602279768189314,0.1295368223128395,0.29271276734498136,0.2563090937608146,0.387845611932502,0.5027164023655102,0.27457124457476473,0.39070017619012753,0.3678036706415918,0.3973758386726273,0.39176894556330666,0.3241804362938587,0.4080048885713089,0.3425074697072379,0.3169732486270134,0.39973010245003615,0.4738419078841182,0.43435215122149845,0.07430587151525443,0.0737705578155509,0.23823066319090916,0.08927214408141103,0.16461538750095317,0.11243945113372476,0.17458395554006528,0.2304241837463873,0.34165170638664616,0.18500235615325764,0.574234849563295,0.14397656670210718,0.018495581248252905,0.3594196105301794,0.29018514931393563,0.19614662477914013,0.15654842376779182,0.19158146050378452,0.09580639138057633,0.3031795905955651,0.483013438681664,0.41628854194158754
0.25767461749306414,0.5509715648053792,0.5758035896557764,0.6181113076372277,0.556192976207395,0.5356145821128441,0.5981741044172573,0.0,0.7526924418936906,0.2706657796959387,0.28233560268555796,0.22483972084702694,0.11372142151408537,0.27676186178919615,0.44451672636248624,0.5329991025429541,0.28933289264640666,0.6648298388800522,0.30125224092287123,0.5007634178198519,0.41739551720179674,0.338384374691302,0.42769111386106223,0.35858855177565674,0.23125362558382292,0.21294314649324933,0.39533745662310615,0.3464594071563932,0.4802667537514976,0.42157900620406635,0.12194509418351453,0.03772260894440852,0.1456556534471671,0.4470671721354775,0.2544032501118051,0.5831518646679171,0.30680916085826593,0.23639004113890844,0.30295950164988933,0.5810264840727591,0.34126751788094856,0.16075973963455817,0.1333588910247607,0.1575350808750543,0.13193832531858024,0.16743858911580606,0.20286373189748916,0.21238773733510888,0.235275108938237,0.22292503507153116,0.22978211543415222,0.6189224323337155,0.26673888831794945,0.6445075683990448,0.5506763772757788,0.44891030620450045,0.6832678869448896,0.8358164266851552,0.22312626681657538,0.20812594420485098,0.21951337839522758,0.038582134297625574,0.23702697656310384,0.182838396669618,0.36742960608400776,0.4548663056044572,0.39173427998271987,0.1930890622982504,0.3452267227281212,0.4963737433469847,0.46380343914467814,0.23242872451568053,0.38770116940605986,0.3818040197858452,0.2040716357900479,0.2240019027865366,0.4713807611659261,0.39421998880061976,0.09580729814686625,-0.007476890804022284,0.26092952834536715,0.29301599198207123,0.15132692040124834,0.15724759117061332,0.31651341762261137,0.3090847277193595,0.31643624077797666,0.17479981175981224,0.6059630278376724,0.2932482572825873,0.06078657228854641,0.27642737196299183,0.20968005063068684,0.07687409692937358,0.056366343719239126,0.13777675872849926,0.14214015388246648,0.34601649331099976,0.27395773159910264,0.2649620355441933
0.25226325670817373,0.5492754741848794,0.6237473960959505,0.42203846329286676,0.5653344770041256,0.6479508501243747,0.5688480116727872,0.7526924418936906,0.0,0.3259859147570349,0.3619093107727781,0.2965228561241727,0.15135697863510353,0.3243087669805309,0.4709043691858352,0.4143643715265136,0.2548394350513112,0.5398782600108595,0.30789166648973176,0.5528388090200612,0.33304248787211627,0.3261683651068317,0.3545670616807454,0.30528638483365206,0.30985421777512145,0.2658027972928011,0.3922580998098024,0.44929305789954554,0.44998985124566987,0.4334136794819602,0.13469279244029647,0.05172897514505841,0.11002334951379887,0.4032220983623699,0.30001385636812483,0.7226758173959253,0.37592856764279353,0.2483127808991258,0.3114158964272604,0.48889587005183993,0.3913519756726026,0.2775201842367508,0.26477030366447174,0.2873059501210216,0.1584768169715606,0.29424969534132606,0.2790727447062919,0.30599094979843316,0.3833289228025784,0.3743488853062541,0.19512683350237628,0.6150236943954498,0.3271948474335986,0.5609797125571401,0.507879257895452,0.5272296590841266,0.616700892908815,0.8291584209572452,0.33091632785006153,0.28442497449984827,0.3321138061382196,0.10592203435817249,0.3610385827304985,0.254430802731307,0.36352927910847754,0.48037228337132687,0.4767408956722614,0.24799487435424275,0.3399704202449787,0.4803328809476835,0.38368893443004287,0.28103573488139705,0.35758139435332775,0.3626086122400552,0.2961241576011697,0.29645439619757585,0.4259588250069323,0.37524399796492747,0.08332749231175782,0.07666295552713244,0.30504059652619603,0.3815357924122385,0.23510395618261057,0.21074198395001614,0.3050809075587475,0.33122454231432197,0.35283523851805637,0.3003014519726352,0.5936393275460048,0.3955252698225486,0.13865118987633523,0.3022270085203157,0.2848797470438356,0.20928830608104132,0.1989517524527666,0.2629426596356189,0.2690783184939096,0.3205370412956677,0.3551363978308981,0.3658768895902412
0.4116251373613688,0.4882392503348692,0.5364117664242842,0.407444561987661,0.45345187557694877,0.5899699802723096,0.4947711893730948,0.2706657796959387,0.3259859147570349,0.0,0.721220710177127,0.8809624942524618,0.5278244762641114,0.36140124000467005,0.25276948772744245,0.5916000036012193,0.5394377781586835,0.12719726317710872,0.49905916890294283,0.06004532041338602,-0.04993351517120811,0.4988799640605352,0.3279934198001005,0.5929036955952047,0.7164559187583845,0.5942283801188153,0.22326870416557743,0.4075331888133053,0.5057135743158827,0.3652755961253503,0.11753112051961927,0.5559237085194549,0.521553950594409,0.3073089414151124,0.3862512880608198,0.1750554280087137,0.28920780165105253,0.554923495064667,0.5923309934647231,0.47940946135170126,0.13116484421470934,0.49467984588852576,0.5873034954103695,0.22969425133822582,0.21995713128341496,0.08163274554315562,0.2043105540084073,0.22320630107738723,0.3075558981919356,0.21193404787618303,0.47435353892955073,0.5111146627840223,0.31387516025264606,0.26823694308405877,0.6292922416086474,0.5944679250361841,0.1075308186719828,0.15966891035797126,0.6883680058670634,0.7133492614719253,0.6478636106395042,0.32966459787138735,0.31309824119712787,0.04188459757733516,0.10674589921117991,0.2636465377244699,0.02434647295077601,0.44477310155087374,0.2652813788144862,0.13352670153176044,0.06410737270495336,0.5221122013010513,0.28160176115240443,0.37060115437033225,0.46300179026045524,0.7496026909010609,0.38692503169252734,0.34751988355031727,0.0968866960059938,0.3903792240990955,0.0743193976806927,-0.2118061948136475,0.24478278536052755,0.2965024593935918,0.13304773277178095,0.07358302039592964,0.2884053909651408,0.3223970446269697,0.3396234875627368,0.02288519196940371,0.17875250639765838,0.538218189257328,0.39148620293497943,0.4700965832468683,0.41447644948273565,0.18865114734963528,-0.03639187362418048,0.18301104208493504,0.478116920817775,0.25589942180785685
0.3341353623535857,0.36610326709404245,0.461101190697415,0.21541074883078196,0.32399319360849144,0.47214765596865144,0.471931917269053,0.28233560268555796,0.3619093107727781,0.721220710177127,0.0,0.7905736064576395,0.6332666642967746,0.5444020039356802,0.4597168801520325,0.4507721639674178,0.6216740867585032,0.31117772655428805,0.5892049390557484,0.1973950638673398,0.18866793569382126,0.5925941252761017,0.49314249758033935,0.5879863399773508,0.7385371293497173,0.724731740002368,0.3328559649272842,0.555656620601536,0.5505267898884475,0.4911499660150685,-0.1393787265011535,0.2913853746783366,0.2749193467470372,0.43353488820399805,0.4343912149974913,0.3265706541949889,0.32575158502018614,0.3002735255256822,0.3979805303447793,0.48108952469367,0.24176057737062995,0.37272227971351457,0.4762224107054428,0.046307046046946035,-0.03044644723390705,0.09473842332089034,0.28498840366852174,0.28103033024419743,0.23367842962967383,0.20563845784062548,0.37852569582685525,0.4113593785983402,0.19293329234128329,0.21005152058558912,0.4691736549151948,0.5217058672132611,0.18225111040052647,0.2130312261729024,0.5783324607485174,0.7124097076359417,0.6234150217108864,0.5403791427140583,0.5102966619169612,0.18973707816333177,0.3044913353079073,0.39142557680550033,0.10545366059171436,0.575907010710648,0.41941620460865614,0.28573025650269535,0.17779926608308244,0.5389340406476136,0.42305387501192154,0.4401829378155206,0.44977237179570567,0.6886661878942475,0.43603522653450927,0.49117381867282406,-0.17516277215122983,0.2114362744313631,0.2943380295446086,0.02459785530244798,0.17106998626172043,0.3050797355756784,0.1840212643261108,0.2636690771866628,0.34880098930606446,0.4498360498785811,0.364625476201935,0.19153509763547638,0.07073396673245118,0.36148716242491374,0.3683691160825254,0.34219828720075446,0.3065856113129233,0.020838949065518895,-0.00299644101685385,0.29642611639630173,0.41090460986377175,0.2396770337123406
0.2808216800413281,0.4018639340472327,0.5156097068694379,0.24496560357948274,0.3553706926969547,0.5000107012447899,0.46769545998656464,0.22483972084702694,0.2965228561241727,0.8809624942524618,0.7905736064576395,0.0,0.6756115688162023,0.5142116442823657,0.3957234202593498,0.4938693597790953,0.697556457487374,0.21173236262446032,0.5979549505321188,0.13439325431480945,0.12119582264114638,0.6155561039628253,0.39658267180653517,0.7006855240572228,0.7257593368448827,0.7485863783072966,0.3458874010082017,0.492149177537706,0.4862101613954146,0.4695042485209271,-0.03364018853533311,0.3951267130283381,0.3983983740609308,0.3839152710362832,0.4840721796222601,0.26659976842616107,0.22833218612945627,0.36054827695370345,0.4869565320694767,0.5160854497617352,0.17412730220503042,0.36592507216444053,0.5818302894313947,0.10326045746676715,0.023815333195620812,0.09349382502101442,0.30061132857978823,0.24974049851376348,0.21092233599696283,0.12700353822135244,0.36646166539635705,0.4108224648466441,0.16123002464389488,0.15686117457435564,0.4961066779389758,0.48054003673587803,0.05419255034484937,0.11780178129054159,0.6499166272654542,0.7724415237034752,0.7108910490314564,0.5094009176311732,0.4542666040580203,0.15249975163475651,0.23616575887724855,0.35806465312881014,-0.06463992431192674,0.6033681673755057,0.3776873791791423,0.2154863408524378,0.1608661788979249,0.6017816906688194,0.3717185394340232,0.4059334874020368,0.5322387773772286,0.8081988568446704,0.3873680682687527,0.42628994629971184,-0.08815819754315221,0.19490853288466864,0.22707961265038568,-0.1678474040750505,0.14634897985065937,0.298398930685286,0.18108920495972297,0.19248792656366126,0.23347712204871685,0.3234638235220908,0.3764002168297861,0.018078058358825352,-0.011466901632485262,0.41353578511929867,0.2890119925343487,0.36931663082188354,0.32168793868242784,0.02338182413851071,-0.04916786876485754,0.23633875825409492,0.3598066520938785,0.16905581681464538
0.20014712255677317,0.2871531936240467,0.3501400047765141,0.11073440704553632,0.23479938158379896,0.3238835507296379,0.3107876039373497,0.11372142151408537,0.15135697863510353,0.5278244762641114,0.6332666642967746,0.6756115688162023,0.0,0.3947126505880459,0.2706185626041928,0.36007572975956387,0.6101052980620335,0.17993731476530028,0.3782158346321422,0.0682216445716795,0.04746687145217091,0.5646420615529008,0.41967815271587505,0.3674203425602786,0.5755727332409486,0.6417154426851688,0.2991156514093271,0.48145282463098776,0.4123460798417908,0.39700926282755133,-0.21174808963801517,0.24808370976028765,0.2998482579232678,0.3705162733127549,0.46805339824898606,0.14777071505697767,0.2893584037998343,0.22130185730158722,0.3413282795969134,0.36134185863410184,0.17822450761245034,0.22073213543824222,0.4623923564912714,-0.07834790889378036,-0.20024395437655063,0.04178493394802919,0.3296377018453818,0.2835594608721159,0.10480340096304375,0.1595965981889923,0.2655188674376957,0.22914167838284916,0.039102857775012614,0.03277293185505612,0.35704481385467646,0.33482995110655794,-0.048156967541683214,0.037345772185105874,0.27954050370258393,0.465507837947904,0.5011768409880729,0.8585454713634514,0.675153328869766,0.13594161978551395,0.15265466279965786,0.2841998840567079,-0.16161549569500921,0.5784197897980592,0.3215116330921891,0.14740455762118385,0.030970554261139982,0.4150643570938811,0.32151750231183807,0.21010977043393658,0.17756857449433378,0.5169265259563407,0.30372057847630674,0.39514322845899946,-0.3009496532046341,0.10198821008150921,0.1105044749883491,-0.13816570424297642,-0.038755018292190094,0.17795750198137278,0.04848813902454396,0.14186791432738438,0.3125237380264113,0.3651128967551164,0.25009629598910077,-0.06393468247500517,-0.06438405248751553,0.1908586657148157,0.1936018466797442,0.2020311306623774,0.14072416448572747,-0.16719453564226508,-0.16273599017427529,0.22127054817986427,0.27943967062731656,0.21194932781641568
0.12539489859965722,0.3372646578877979,0.4097556407325803,0.10002238344853095,0.2829613973672111,0.28372935371520325,0.4721141039163367,0.27676186178919615,0.3243087669805309,0.36140124000467005,0.5444020039356802,0.5142116442823657,0.3947126505880459,0.0,0.6855690829811121,0.3048005439828901,0.6599841835127402,0.4485229323931712,0.7167440859124907,0.32056238493831624,0.49358422081390685,0.5118483486067532,0.5835079688398025,0.5766496913853028,0.42784637855602914,0.4726810867130356,0.4831978509857821,0.4220401262327299,0.3914585621825781,0.597501789721616,-0.08408739000123812,-0.008001117027270237,0.10183414096442138,0.4409410744983141,0.39003968183187737,0.3736081428720198,0.2489821974528528,0.07480739258459006,0.189149520511798,0.43770624490106647,0.2571589366699965,0.06577705085712604,0.28005534118323006,-0.00877741326706146,-0.11207333008743273,0.1747300166091393,0.3690268083426118,0.28885611298392,0.11208954725658504,0.094167002958708,0.1478163854132259,0.3447457874936843,0.030071743400184404,0.12328729635201917,0.2339032624313363,0.2720442733962688,0.15776364886388386,0.25966183147769056,0.2250527909483392,0.2973831575827241,0.27759184396062714,0.2825572808260861,0.37594810516143584,0.21303113006372607,0.41641149766981006,0.4468877094717137,0.001446668703990618,0.501413654345424,0.48047744238984463,0.40685945909956805,0.4036320862512213,0.38340724123400544,0.5152120241737617,0.31822593655670073,0.308257691504316,0.3721938829594785,0.384992330785121,0.5284635237204995,-0.16702547051684627,-0.12097338130030676,0.43021024869986363,0.08798107561159764,0.017105222059563194,0.1686731754687987,0.2520257943748949,0.3499183893420162,0.23801084772643338,0.1760419041424708,0.38633360979462805,0.06085231456127351,-0.26343626778814294,0.1558369267579297,0.04571234754785097,0.012806236441897375,-0.015940086803407055,-0.11491323083883667,0.061412715637942386,0.3235471166255824,0.12388213292181242,0.1021529961176861
0.0324391887302342,0.32282367699137354,0.41444127000166703,0.11116876009240885,0.35129960396169657,0.2851308834004528,0.4880721002670257,0.44451672636248624,0.4709043691858352,0.25276948772744245,0.4597168801520325,0.3957234202593498,0.2706185626041928,0.6855690829811121,0.0,0.2544502808588119,0.5822267612038907,0.6470677257378364,0.5471418836409649,0.6323691057178392,0.7621029283088383,0.49497714238678603,0.6080838624093897,0.5995892372913366,0.3986365587693421,0.4689059680688507,0.664886955901339,0.5874111569907384,0.5347250330279248,0.7437532278676406,-0.11472749687978313,-0.1127271876202928,-0.02848447958178866,0.5015270842792424,0.42317001338321103,0.6284565207567059,0.3356558235913417,-0.04137058812881853,0.0923279924593534,0.5215594638433592,0.34150007951335265,0.040998626198505375,0.1791105044371432,-0.0014410269452498836,-0.19380441984562605,0.2671444319761117,0.417068228050978,0.391399632314007,0.18937483003405972,0.16235108161977063,0.0060526205986976365,0.388411312895831,0.06649179767963469,0.3167608945066508,0.17383665711177484,0.23547065869247008,0.37775354961001073,0.4684547891168524,0.33732594418641537,0.3209016610593145,0.33293092235918326,0.28249635286134456,0.4665409001343247,0.41070952113031894,0.6686476899853956,0.7447596053248224,0.2345273428933664,0.5206982426062823,0.6264977682035664,0.6468828889816329,0.6777625771355229,0.4377089699559856,0.6858307791468452,0.4992848919657501,0.4708168142257342,0.40346995944855174,0.5853836942725821,0.7032497885376067,-0.19402685633757888,-0.2557983864168764,0.6732283020432452,0.3434561710218812,0.009216527933458115,0.2725801854563531,0.4980408545981857,0.5672621204442879,0.31936490575117643,0.31492672559678175,0.624031966884364,0.3155081486375182,-0.23683509811926515,0.1399931205609833,0.07115734747284325,0.022485843412445222,-0.012462083452427136,-0.08528757246424994,0.23091219157062018,0.5764572336251204,0.07744827554783835,0.15770826882654107
0.6110066413636647,0.7139313856940672,0.6380861647080541,0.6774095865991625,0.6664286618869429,0.6289150191141054,0.6682092859231212,0.5329991025429541,0.4143643715265136,0.5916000036012193,0.4507721639674178,0.4938693597790953,0.36007572975956387,0.3048005439828901,0.2544502808588119,0.0,0.46810967877393905,0.4447740328804287,0.48126565817391886,0.30630068178728515,0.04461210871228911,0.438106271043413,0.48765101585681464,0.45204026547353265,0.4558114719633397,0.33770803172717034,0.26672494991336965,0.38077156464611644,0.6466043970080264,0.40510656924583727,0.19650394989137704,0.42528390511650743,0.5187523722123851,0.5803554293261641,0.39479690434395226,0.2547983276349649,0.5112799344956979,0.4819783896993243,0.5820909259841314,0.5429385989191706,0.2737744268135116,0.4725855203720977,0.4607025258958957,0.21742592626026488,0.4159515748387958,0.0787396504790691,0.2801584901550518,0.34287591327063277,0.3324925013261544,0.3089942851443245,0.6822848087851813,0.7151526987377209,0.5285202179122924,0.5424083831827741,0.76452981773398,0.6063623039629205,0.35175879902796053,0.40734626449823147,0.33574616508460653,0.36173164596628093,0.4185634267863223,0.19478539315005347,0.30401366620972553,0.08362081714206566,0.16150560837872827,0.3235620879508799,0.21279722853399757,0.31166090900975446,0.3370860714293133,0.36119987468190384,0.20986304447281712,0.3898311663485635,0.3785459836177145,0.35021468741428263,0.2725560161048498,0.4617521576415097,0.5360892110204413,0.41262334731827727,0.20838488039335978,0.3470210358199632,0.09712555727197311,-0.009059387427798908,0.3605155269631993,0.3982383036902051,0.2631879558194133,0.19655940515408793,0.495527503601882,0.2892034107317472,0.5079335714797919,0.10001235249587456,0.29258887020665675,0.5128276207462665,0.408246509666043,0.35592390672309865,0.32737442777316067,0.23316656519599893,0.038659623585202064,0.3478655955085899,0.5447927464621327,0.3805710904473101
0.24312854193216776,0.37162457747931504,0.46807480493272563,0.15076648672114878,0.3036401632295998,0.31960410055883676,0.5466687249832376,0.28933289264640666,0.2548394350513112,0.5394377781586835,0.6216740867585032,0.697556457487374,0.6101052980620335,0.6599841835127402,0.5822267612038907,0.46810967877393905,0.0,0.5033759004102594,0.7839957277690524,0.3170206620136303,0.4350314958644871,0.7216351589528399,0.5809968892842835,0.8255796437961478,0.6175323702937748,0.6867529852679168,0.47696001368476554,0.4997021319549559,0.48806987368926735,0.6183737070355583,-0.16303141080443764,0.13973888705184784,0.20101068144756848,0.5587758445439659,0.4485028958607991,0.3107492286117281,0.19567875449776861,0.14227870805648588,0.22244552218783667,0.5187762373127515,0.18601552152180642,0.13685555691488296,0.34096519771550404,-0.14575882922080538,-0.17008519612285833,0.009337093200371866,0.31080001964570897,0.19761168081584926,0.02547092319987699,-0.01377742359580226,0.25374802567180643,0.3411810362267314,0.09878258670313608,0.12309135272399022,0.34650690529741446,0.32788463469808,0.09044716422830415,0.19581638864807074,0.3520813454351976,0.5248586110295083,0.4601392611428726,0.4819944370391202,0.47732792093428555,0.34662761707131096,0.505322320337674,0.5428279068264947,-0.08320607377597486,0.7761347010978059,0.6200373510826055,0.4577735425385261,0.4349166258536101,0.6039225763909233,0.5871591730562462,0.4357685575168848,0.5341813945767653,0.6104304446848966,0.46646459130323364,0.5963861177191581,-0.23403848735179256,-0.025085228695118023,0.5239605243668903,-0.07362611126272718,-0.007512622365545771,0.28673654116801844,0.2554731825284451,0.29609777699424306,0.1968047866118769,0.22205031272281064,0.4370385022517875,0.013591320602562433,-0.24319368926897336,0.20989235255802263,0.10520339962038913,0.08077990543784176,0.0208742745608457,-0.23256173717166145,-0.12453703504127867,0.3377702922423247,0.18697927750854706,0.004155594471412131
0.1176314182953585,0.3920326466858579,0.4146656948310194,0.29296792986110703,0.38389306653668837,0.2634095097609655,0.5475534081566488,0.6648298388800522,0.5398782600108595,0.12719726317710872,0.31117772655428805,0.21173236262446032,0.17993731476530028,0.4485229323931712,0.6470677257378364,0.4447740328804287,0.5033759004102594,0.0,0.4316675541344944,0.6949067137994253,0.7088720722630703,0.5225896543324592,0.6510866774435554,0.49508743761250507,0.2515797294881885,0.36356555436990273,0.6013707899632087,0.43214421339211123,0.5078128688003625,0.5782629500449495,-0.09634560780896508,-0.1691645752421668,-0.014618655563692844,0.7575607100574324,0.4469474068375968,0.6612296929271154,0.2823448661506701,-0.05049297898328114,0.09424673585290791,0.5682305368711293,0.4065189247543199,-0.018998398398892336,0.10573016273988146,-0.09941588164879109,-0.07132607182533252,0.11321651860255467,0.3510435159303372,0.3318853313057035,0.06561013998441437,0.04720575527511415,0.08758343198345696,0.4232706458652828,0.16706603965691905,0.42508596698595125,0.25707846596893064,0.2736643566894129,0.5841605191419824,0.6126007351218098,0.17681494784476384,0.2022944048429372,0.14564940334263776,0.1523980090655574,0.2969727068885679,0.37551754806726195,0.6097047191427948,0.6030519402211644,0.30515960134854503,0.38802401599914954,0.669821460053488,0.7985617544873526,0.6760513525797556,0.34733254340884223,0.6442301648871301,0.4341388717546441,0.23724901724015549,0.2655998264048016,0.5142292355828922,0.5604674742101211,-0.1531771063102011,-0.21104707527963446,0.5744436487647488,0.43362865483149926,0.07966659406804237,0.26361669125619663,0.45489601432526355,0.5266158824130559,0.281734505840246,0.17859871051404727,0.6945896748090522,0.2910340261661526,-0.19074298667775136,0.10892338325018237,0.012789507508065037,-0.08103582706700739,-0.09029381907752224,-0.15915623133999912,0.09829969765710858,0.4981363636600868,0.1183578077536171,0.06921359444578151
0.3007006306467066,0.3985185561516882,0.4662960663495842,0.2531659248129686,0.3398079979100336,0.35432306390588275,0.5427746285781856,0.30125224092287123,0.30789166648973176,0.49905916890294283,0.5892049390557484,0.5979549505321188,0.3782158346321422,0.7167440859124907,0.5471418836409649,0.48126565817391886,0.7839957277690524,0.4316675541344944,0.0,0.3113281781425572,0.39835106027268957,0.5470912960471627,0.5419113374969793,0.701638751989712,0.514318822868852,0.4998758727340939,0.34563412155029016,0.39410227327235886,0.5029529204397242,0.517634106323507,-0.02618594149588765,0.18463745885572846,0.20792054956456915,0.4688004176998743,0.3081052751247573,0.3108129821521701,0.23255428275691484,0.1676820326271638,0.23008641301260335,0.42722601172458086,0.09396743640709836,0.1824614005814952,0.28187816058412474,-0.03738687752376842,0.022456570823434246,-0.025215424408879764,0.17459452035374134,0.13296613896866866,0.07396450530732873,0.061500884306108734,0.3551617787601667,0.4452768092463895,0.2994684063542554,0.24684486507950176,0.3780944114714498,0.3676808703183083,0.21821700914297829,0.24248027324287405,0.362389246385794,0.46052837487711745,0.4306785446109237,0.2920394666080284,0.3777958194985964,0.3298208866381465,0.5078630175307904,0.45932742789417896,0.11557219810429845,0.7119368848188115,0.5348215510716386,0.4109026965964541,0.3732679008477337,0.5497151059804958,0.5419979061098684,0.4760959565349677,0.5646870112713596,0.518347283399269,0.5313396708453623,0.5033251808974852,-0.060125394796401985,0.08820155980548505,0.4476608911922216,-0.02450302520563435,0.1708317932124476,0.3231707808526945,0.2911037043287711,0.2622248557177494,0.2525908632718691,0.21344797954222214,0.41062160181121243,0.14050143237537382,-0.0364330470978699,0.27863321889085463,0.2088165386858669,0.14689621023442767,0.15190451197305196,-0.042738854879862447,-0.028444620774699118,0.35469646865453097,0.21751072599436513,0.07806577519631451
0.07735827406100954,0.45545263616163434,0.4294554023365511,0.3257058207665533,0.47843052010741666,0.2945561524615942,0.4312990766674676,0.5007634178198519,0.5528388090200612,0.06004532041338602,0.1973950638673398,0.13439325431480945,0.0682216445716795,0.32056238493831624,0.6323691057178392,0.30630068178728515,0.3170206620136303,0.6949067137994253,0.3113281781425572,0.0,0.6555529026295044,0.29687252743696874,0.47973156435758696,0.3529972237175665,0.22248396467957263,0.2879879710562292,0.5918835121624989,0.4597675920426719,0.4777496055579395,0.524098407089242,0.01627891240433153,-0.18444451620279298,-0.13089410725836623,0.515985145612909,0.32725941490912624,0.7462821643581438,0.4000090960933113,-0.08529645291990055,-0.017236069517240583,0.3664526575854882,0.3124701815569024,0.07602030959256564,0.09315693021372261,0.06916246133865181,0.02557686486077386,0.20988621915923553,0.2841349922531178,0.3901797913415856,0.20782081047551032,0.25536247285431946,0.0529802100976329,0.3861114428043726,0.29231150691080615,0.49284505031616266,0.20685273135142238,0.206937766251753,0.46655797493535744,0.5567916916866342,0.22428563759193224,0.15294174178535394,0.2599705271179754,0.11853030777622348,0.3356570310713581,0.32150320384931474,0.5327791521195901,0.5888098725166756,0.46335107713001555,0.26708772807670844,0.5094210439653992,0.7711810090009715,0.6933711925435594,0.28287172199163546,0.5582465510082248,0.4468537772727964,0.34680390414013224,0.2592955142682679,0.5621166713585585,0.5133342185974447,-0.030023037838376315,-0.09202859690566627,0.5783835258219883,0.5077791507090763,0.17069589151853376,0.30839874746666984,0.527716664339155,0.4932077684233433,0.367588326297669,0.28248428144847626,0.8154418319446896,0.49846752343986306,-0.007066757469239685,0.16486786155766836,0.12331526314860242,0.026397567894366557,0.08480576803032917,0.05881983397608618,0.2785970816123939,0.5880315314372676,0.21447871152428868,0.24308516473205072
