0.000000000000000000e+00,1.030269211538524798e+00,2.589068478237093185e-01,-2.747033181950316871e-01,-1.798577983826826210e-01,-1.286304535892149048e-01,-3.119672463351590430e-01,-1.244351623927994616e-01,1.610008809819573894e-01,-3.116558003033650937e-01,-2.942219837358255041e-02,-3.240164407777377242e-01,-8.448334861647389948e-02,5.139957106243892709e-02,-2.936045813781041902e-01,-9.024945792882552165e-02,7.525815140180534824e-02,-1.553965353610581822e-02,8.534177115106300409e-05,1.634622420852627489e-01,3.252126077381655156e-01,2.929296946514305944e-01,-1.856972143111920437e-01,-7.975024878086432734e-02,-9.166278189893853345e-02,5.127513587607659407e-01,5.523434838373008082e-01,-3.283939468512452053e-02,-5.157648479660490587e-02,-1.856281342778418608e-01,3.362470040101551982e-02,-1.219259566502088055e-01,2.612508914257078430e-01,2.276474167135894566e-02,-7.546805239260763465e-02,3.675148656749307463e-01,2.658033488003199718e-01,1.917948236040757093e-01,2.961685778628007082e-01,1.030269211538524798e+00,0.000000000000000000e+00,3.218942107298509159e-01,-1.310884398024443065e-01,-1.162340329525580890e-01,-1.260587421966540174e-02,-1.925026818878440016e-01,-2.602116520584206172e-01,2.145508290027913767e-01,-3.410476752581271809e-01,-8.816244426237046516e-02,-3.945369482244918680e-01,-1.360650722437579951e-01,-2.412370599896336218e-03,-3.857544318110296411e-01,-2.257574115138584747e-01,-6.539499834333228900e-02,-1.295671666898035590e-01,1.344185062135190133e-03,1.165180136556615564e-01,1.944543892240252203e-01,2.643534617917616125e-01,-3.011209416126745531e-01,-1.610579580598402727e-01,-1.659008052712921677e-01,5.909531665731093675e-01,6.075524763133279826e-01,-5.395099541322306846e-02,-1.960047441080036423e-01,-2.850328500659997100e-01,1.234785454310533964e-01,-7.983323003629030738e-04,2.511406522193183610e-01,9.148316967079092588e-02,-5.037235124699744604e-02,2.888766666474654743e-01,3.211888701742194874e-01,2.786839924802803625e-01,3.255669088312675985e-01,2.589068478237093185e-01,3.218942107298509159e-01,0.000000000000000000e+00,4.409130520660714536e-02,1.256601992541603041e-01,1.028184022150323423e-01,1.111552001541375040e-01,-3.599813612394588969e-01,2.176821260034468852e-01,-3.689718427667528639e-02,6.036673735938205554e-02,-1.034169927958171753e-01,5.961906078513641571e-02,-3.267447330638541259e-02,-3.159958826031799561e-01,-3.159712066901221861e-01,-7.883055461005210318e-02,-9.855858002584282074e-02,9.130572730871955311e-02,2.606206789090464992e-01,1.109802597295041771e-01,3.261809794205420276e-01,-2.056442115402914161e-01,-5.737494854387241439e-02,4.957458973880302100e-02,3.679724161726951603e-01,3.427476901238891149e-01,3.008371115150164019e-02,-1.724005432979399677e-01,-1.099726604446449735e-01,1.294255114658077188e-01,8.044779343658305104e-02,1.965044896795467566e-01,3.777660456391460087e-01,1.447304123928225550e-01,1.219873951709013055e-01,2.750997092243970266e-01,2.196299070826565891e-01,1.637136955411587214e-01,-2.747033181950316871e-01,-1.310884398024443065e-01,4.409130520660714536e-02,0.000000000000000000e+00,5.369551289145108042e-01,5.973487688057534939e-01,7.791275281376218720e-01,-3.449279841007423658e-02,9.539077708029937430e-02,1.539686294175897641e-01,-9.354008338123803723e-02,1.873124138446620457e-01,5.195265526698130687e-01,-1.837327830040250687e-01,2.523652170225836322e-01,6.030891686355161103e-03,2.902843972587080060e-02,-2.208881661699290677e-01,-3.028935684283530494e-02,-1.572880335871801316e-01,-3.192327513086975488e-01,-5.267315074942426067e-02,-2.543528636802126416e-02,-6.865275160055991574e-03,5.759596392072265092e-02,-2.935568795486069305e-01,-2.904729652978022547e-01,1.622402737689175034e-01,-2.380453560302050187e-01,-8.035437548836039945e-02,3.134865989039346823e-02,2.029194380310855167e-02,-1.658655032391312956e-01,5.698135840632553850e-02,-1.860726729413125224e-01,-4.642828526470611505e-01,-2.931725013602543006e-01,1.601160064524607962e-01,-5.671070574321120106e-02,-1.798577983826826210e-01,-1.162340329525580890e-01,1.256601992541603041e-01,5.369551289145108042e-01,0.000000000000000000e+00,4.373878747607929940e-01,6.017328080822010872e-01,-2.069309886296093193e-01,1.011803113863036369e-01,1.470145685613552800e-01,2.381450653734581025e-03,2.081242559481800980e-01,4.488722506079088070e-01,-1.991119089003752785e-01,1.515662158228179013e-01,-9.799489238179254214e-02,8.181649624202806670e-02,-9.808403904269093893e-03,1.684294692016055361e-01,-1.452359905960363684e-01,-2.563418155916800112e-01,-1.984750891836222289e-02,-1.283316884178677397e-01,7.405964908707547700e-02,9.859672462862233144e-02,-1.279141971568878156e-01,-1.261319979329287577e-01,1.045852498367917938e-01,-2.263536790603402349e-01,-7.721194371221594410e-02,1.458515968139050267e-01,2.466512541743418399e-02,-2.879747746756464166e-02,1.573723981042998710e-01,-7.800215381507512313e-02,-3.234981230853430367e-01,-1.044005099715117763e-01,1.574329373574542001e-01,-3.011399677348438469e-02,-1.286304535892149048e-01,-1.260587421966540174e-02,1.028184022150323423e-01,5.973487688057534939e-01,4.373878747607929940e-01,0.000000000000000000e+00,5.286716617215527769e-01,9.572026862320291707e-02,1.124145150066023086e-01,-9.531135660291073161e-03,-1.958249455388358373e-01,-5.542866210420903383e-02,3.559603405950736987e-01,-1.262033082796442662e-01,7.871041031289055523e-02,-1.836862018927470641e-01,-6.793980153159275004e-02,-2.338621876341597516e-01,3.615227862244552864e-02,6.163926668707608858e-02,-6.731922529186853965e-02,7.524776800860355497e-02,-8.723601251970840298e-02,8.861817245784063546e-02,7.138991130262750673e-02,-1.645781160810234622e-01,-1.309873554877228896e-01,-2.324785258259216836e-02,-3.599125575866358173e-01,-7.289585559004894966e-02,1.235525786987021896e-01,-5.928532272632494951e-03,-9.209162697631460837e-02,6.275681958511199199e-02,-2.190866714841620544e-01,-2.350166790979012765e-01,-7.097456590231390750e-02,1.355490867431724256e-01,-8.569928349619150565e-02,-3.119672463351590430e-01,-1.925026818878440016e-01,1.111552001541375040e-01,7.791275281376218720e-01,6.017328080822010872e-01,5.286716617215527769e-01,0.000000000000000000e+00,-7.218069969089906113e-02,4.849165213187735246e-02,2.937591846489261416e-01,4.260866431251877223e-02,2.963838779098910137e-01,5.909136862070998308e-01,-1.665013925105920667e-01,3.130222131296463983e-01,-2.637354113979097428e-02,1.097076287165996561e-01,-2.604020903290137356e-01,4.506042257636271725e-03,-7.106222212184801212e-02,-2.782481469771857507e-01,4.708756627262510042e-02,5.113444568658230549e-02,-5.944524579913157934e-03,1.943173803841189151e-01,-2.200675074107049656e-01,-2.434823733023708525e-01,2.496868225637350613e-01,-3.021711572671738621e-01,-8.766026127778622432e-03,3.328260625847270782e-02,-3.908665910998066623e-02,-1.396399473156689219e-01,1.719955051768871646e-01,-9.242820126441911310e-02,-4.513099736212535795e-01,-2.472199166224782751e-01,1.182155735397469598e-01,-1.474712115460100614e-01,-1.244351623927994616e-01,-2.602116520584206172e-01,-3.599813612394588969e-01,-3.449279841007423658e-02,-2.069309886296093193e-01,9.572026862320291707e-02,-7.218069969089906113e-02,0.000000000000000000e+00,-2.797615414734513362e-01,8.209213195742641467e-02,-2.586261161871138414e-01,-7.281407096789159483e-02,-2.704846048470376796e-01,3.391229870458765672e-01,3.950854107047566677e-01,4.570510524092444293e-01,-2.404247505025823572e-02,2.061195028768794124e-01,2.370997173222511023e-02,1.708190181094089988e-01,2.774870725888061163e-01,-1.136236038880822363e-02,2.971794960704060018e-01,6.862143197482743762e-02,-1.034741984160070655e-01,-6.588562756119604735e-01,-4.622818849084899817e-01,-5.295943423609414391e-02,8.522553549762847125e-02,2.918333612996150128e-01,-4.405007314275982133e-01,-2.126611516116240844e-02,1.181652939692933030e-01,-5.198670064420718440e-01,-4.672378342453074596e-01,3.463963882464474349e-03,-2.940931422206460311e-01,-5.440064535202527862e-01,-1.614319070388401389e-01,1.610008809819573894e-01,2.145508290027913767e-01,2.176821260034468852e-01,9.539077708029937430e-02,1.011803113863036369e-01,1.124145150066023086e-01,4.849165213187735246e-02,-2.797615414734513362e-01,0.000000000000000000e+00,8.375641028611394145e-02,1.449499940819108101e-01,7.117581987296008050e-02,5.771671720552849078e-02,1.334185148088458950e-01,-8.335558215781740943e-02,-1.199422638136971031e-01,-1.320281114118240784e-01,-1.760744805310840433e-02,2.132315957175409948e-01,6.731309973370409871e-02,-7.620940321783871430e-02,1.648853010124589069e-01,-5.012006577546388592e-02,8.621700236575910448e-02,6.789169189249380509e-02,2.608588019266941949e-01,2.327684427494209896e-01,7.557538153244731938e-03,-1.246820167633529292e-01,7.441667126019119172e-02,9.295969430273606782e-02,6.427014021925728585e-03,2.421909617225808942e-01,2.745613269106786380e-01,1.563495010992736467e-01,9.981523612642656529e-02,2.481374391618819397e-01,4.291367387676509049e-01,2.865467248482519991e-01,-3.116558003033650937e-01,-3.410476752581271809e-01,-3.689718427667528639e-02,1.539686294175897641e-01,1.470145685613552800e-01,-9.531135660291073161e-03,2.937591846489261416e-01,8.209213195742641467e-02,8.375641028611394145e-02,0.000000000000000000e+00,7.445343398832665605e-01,7.302172756863395398e-01,3.794753672569525782e-01,4.251788196092441408e-01,5.508917844338933056e-01,6.157639746452797658e-01,5.343310328107993001e-01,3.386129734563241289e-01,3.677812369801862769e-01,-5.218569796927954169e-02,-1.827166761806863216e-01,1.859259961495928967e-02,5.261189525024743130e-01,4.927937546294041682e-01,5.877877956748746024e-01,-1.737904543802309409e-01,-4.322392450204624592e-01,3.867716324262644445e-01,4.286632415660040496e-01,5.972996276579078945e-01,2.558164256026279962e-02,-6.690077879050047860e-02,2.141372901745342283e-01,2.029805640408589296e-01,1.594532983548756777e-01,3.154808288477328748e-02,-3.744715810457877742e-02,3.953787606090240075e-02,-2.795354040783265201e-02,-2.942219837358255041e-02,-8.816244426237046516e-02,6.036673735938205554e-02,-9.354008338123803723e-02,2.381450653734581025e-03,-1.958249455388358373e-01,4.260866431251877223e-02,-2.586261161871138414e-01,1.449499940819108101e-01,7.445343398832665605e-01,0.000000000000000000e+00,7.074702221053101869e-01,2.880894547775378900e-01,4.200642146038152669e-01,3.386218655625632956e-01,5.542618022185730187e-01,5.847892988925392777e-01,3.217259100011031214e-01,2.812224617347897082e-01,1.035328942940019897e-01,3.549958067702830428e-02,1.355059598248121999e-01,5.343364148471101416e-01,5.289659624548858075e-01,6.610305046244179250e-01,1.797962594294893746e-01,-1.232409488901371891e-01,4.976498947929353101e-01,4.818031614630323700e-01,5.358078590193025015e-01,1.023538453617079680e-01,2.436108987163407985e-02,2.077042796140838588e-01,2.609179156615771267e-01,4.524533379337479788e-01,2.456001511111438329e-01,2.518528344880588410e-01,1.837052430550588367e-01,6.685397259741457376e-02,-3.240164407777377242e-01,-3.945369482244918680e-01,-1.034169927958171753e-01,1.873124138446620457e-01,2.081242559481800980e-01,-5.542866210420903383e-02,2.963838779098910137e-01,-7.281407096789159483e-02,7.117581987296008050e-02,7.302172756863395398e-01,7.074702221053101869e-01,0.000000000000000000e+00,3.824776816253444012e-01,2.045240810739432924e-01,4.972843376217804812e-01,4.863878481218172345e-01,4.252635462374849684e-01,2.052603160066363563e-01,1.921272329274876234e-01,-1.534467785334882317e-01,-1.791401718726229886e-01,-8.995423121172814451e-02,4.496041636980468992e-01,4.525766536196484391e-01,5.786273266190544717e-01,-1.762400704122797646e-01,-4.176655224792726329e-01,3.643809605598870571e-01,2.711122617018665859e-01,3.976297879162317694e-01,1.255651125578933873e-02,-1.331080283503386086e-01,-9.540347070001739885e-03,1.337831188477587030e-01,1.448105194967884979e-01,-1.369391206428343388e-01,-1.098450092991380272e-01,1.078499721479271867e-01,3.245963720640790418e-02,-8.448334861647389948e-02,-1.360650722437579951e-01,5.961906078513641571e-02,5.195265526698130687e-01,4.488722506079088070e-01,3.559603405950736987e-01,5.909136862070998308e-01,-2.704846048470376796e-01,5.771671720552849078e-02,3.794753672569525782e-01,2.880894547775378900e-01,3.824776816253444012e-01,0.000000000000000000e+00,-5.561934702199106823e-02,4.653457522308557248e-01,4.127104467158841938e-01,6.570316114867396085e-01,7.817470601622270032e-02,4.677137515211458874e-02,4.320263450221658447e-02,-4.308139556003390269e-02,5.498399603713912537e-02,3.757776788364682874e-01,2.437053572453572736e-01,4.062233653466390537e-01,-2.193720565856950022e-01,-3.188953110684481507e-01,3.999301786066505882e-01,2.954798132950713918e-01,3.397614779465840118e-01,-1.327231367428549288e-02,-3.473163551678858096e-02,-1.604892095202521130e-01,1.299672348284782453e-01,5.780996332822246203e-02,-1.783749540345739570e-01,-2.395585571951251991e-01,3.703157068454935308e-01,-1.073504127581842715e-01,5.139957106243892709e-02,-2.412370599896336218e-03,-3.267447330638541259e-02,-1.837327830040250687e-01,-1.991119089003752785e-01,-1.262033082796442662e-01,-1.665013925105920667e-01,3.391229870458765672e-01,1.334185148088458950e-01,4.251788196092441408e-01,4.200642146038152669e-01,2.045240810739432924e-01,-5.561934702199106823e-02,0.000000000000000000e+00,2.869274520301565712e-01,5.388941515155468709e-01,2.173230529305119341e-01,3.814716701719618186e-01,2.072745404605497999e-01,1.874114531164104425e-01,1.322133364129190747e-01,1.596569379973526437e-01,4.601662873433679524e-01,3.517813090077566152e-01,2.712703267706342847e-01,4.099870021788606239e-02,4.370924773885887654e-03,2.669819582868191987e-01,3.991801863272848583e-01,5.216780082547687325e-01,-1.342720521202273032e-01,7.184349775383426506e-02,3.821783366634566859e-01,-1.287584990615350984e-02,2.465405833141031955e-01,4.485261437873397927e-01,2.502984464153933941e-01,-1.331556021626672248e-01,-2.722759649358385409e-02,-2.936045813781041902e-01,-3.857544318110296411e-01,-3.159958826031799561e-01,2.523652170225836322e-01,1.515662158228179013e-01,7.871041031289055523e-02,3.130222131296463983e-01,3.950854107047566677e-01,-8.335558215781740943e-02,5.508917844338933056e-01,3.386218655625632956e-01,4.972843376217804812e-01,4.653457522308557248e-01,2.869274520301565712e-01,0.000000000000000000e+00,7.690284303404321120e-01,4.620501272022130013e-01,9.000659210071390581e-02,-6.134060322956784439e-02,-2.173781869054841331e-01,-1.666851077605959741e-01,-2.120419069030586856e-01,5.966927836617923475e-01,4.438267521777276015e-01,4.085687542648433479e-01,-4.867582836162323567e-01,-5.396115779996907280e-01,3.889332341025011908e-01,3.628897651554343073e-01,5.437044830289348152e-01,3.790417703825244705e-02,-2.620657775457735927e-01,3.699706787308454630e-03,-3.103827286194899004e-01,-6.972636621778215138e-02,-1.112044943464095825e-01,-3.282382605844760826e-01,-1.105789549495520968e-01,-1.930603555965930140e-01,-9.024945792882552165e-02,-2.257574115138584747e-01,-3.159712066901221861e-01,6.030891686355161103e-03,-9.799489238179254214e-02,-1.836862018927470641e-01,-2.637354113979097428e-02,4.570510524092444293e-01,-1.199422638136971031e-01,6.157639746452797658e-01,5.542618022185730187e-01,4.863878481218172345e-01,4.127104467158841938e-01,5.388941515155468709e-01,7.690284303404321120e-01,0.000000000000000000e+00,7.231256997690845845e-01,6.223696205730295805e-01,1.765529775173027560e-01,-6.743268576711897166e-02,6.388161187102721350e-02,-1.699336558825823018e-01,7.973299322236644393e-01,5.008033586898266165e-01,3.866812680504596034e-01,-4.211883614249952168e-01,-5.140427210349745035e-01,5.109014502453772533e-01,8.147124982761482226e-01,7.381644305093353342e-01,-1.317811089443095829e-01,-6.262908493112295978e-03,1.227278372127905970e-01,-3.507065807906978860e-01,-1.199852223129594352e-02,1.659780135929862510e-01,-2.286087053238497480e-01,-1.393811449496994426e-01,-1.038179755500317353e-01,7.525815140180534824e-02,-6.539499834333228900e-02,-7.883055461005210318e-02,2.902843972587080060e-02,8.181649624202806670e-02,-6.793980153159275004e-02,1.097076287165996561e-01,-2.404247505025823572e-02,-1.320281114118240784e-01,5.343310328107993001e-01,5.847892988925392777e-01,4.252635462374849684e-01,6.570316114867396085e-01,2.173230529305119341e-01,4.620501272022130013e-01,7.231256997690845845e-01,0.000000000000000000e+00,4.211291296929659533e-01,1.408162558403264486e-01,1.130521644227396559e-02,1.012491644993003537e-01,4.299791615377147186e-02,5.380247941426743452e-01,3.882081506247326841e-01,4.546530322358767751e-01,-1.510759248976803470e-01,-3.129289239853236815e-01,3.992990099247729630e-01,6.907724894397029303e-01,4.870180711932974305e-01,-4.500987701269160840e-02,-1.385152690143316538e-02,7.338131547757288653e-02,-6.239747410471311456e-02,1.052111871641979168e-01,8.274839375132937713e-02,-1.588704039352999697e-01,2.423041030508110011e-02,-1.135949134217223988e-01,-1.553965353610581822e-02,-1.295671666898035590e-01,-9.855858002584282074e-02,-2.208881661699290677e-01,-9.808403904269093893e-03,-2.338621876341597516e-01,-2.604020903290137356e-01,2.061195028768794124e-01,-1.760744805310840433e-02,3.386129734563241289e-01,3.217259100011031214e-01,2.052603160066363563e-01,7.817470601622270032e-02,3.814716701719618186e-01,9.000659210071390581e-02,6.223696205730295805e-01,4.211291296929659533e-01,0.000000000000000000e+00,7.487327829439205384e-01,8.550091740196261170e-02,1.309503171843441616e-01,-3.956060375537806539e-02,3.205312546955936814e-01,2.675702402722101581e-01,6.021631200610277901e-02,-2.258156990430437716e-01,-2.680168279192848835e-01,7.419389825132964578e-02,4.903884538924568881e-01,3.999136722819865430e-01,-1.783678384108698389e-01,2.121993260382668278e-01,2.714975177366773518e-01,-3.114098707972650856e-02,1.987318596343281077e-02,2.615482947481871934e-01,-2.187187337368698241e-03,-6.127665289351470063e-02,5.635919069587754654e-02,8.534177115106300409e-05,1.344185062135190133e-03,9.130572730871955311e-02,-3.028935684283530494e-02,1.684294692016055361e-01,3.615227862244552864e-02,4.506042257636271725e-03,2.370997173222511023e-02,2.132315957175409948e-01,3.677812369801862769e-01,2.812224617347897082e-01,1.921272329274876234e-01,4.677137515211458874e-02,2.072745404605497999e-01,-6.134060322956784439e-02,1.765529775173027560e-01,1.408162558403264486e-01,7.487327829439205384e-01,0.000000000000000000e+00,6.528870309000452121e-02,-9.787414814025351129e-02,7.527880252887181323e-02,2.928363467681556476e-03,1.620412128026950394e-01,-2.414470421082574782e-03,-7.077699179405143315e-02,-1.945995937520947072e-01,-6.715959165374278672e-02,1.514029121968102631e-01,2.705436945914571623e-01,-4.973053504938297620e-02,2.187729430695656285e-01,3.814721961029017283e-01,3.383410917288803277e-01,-6.102741061303816605e-02,1.085565280141498751e-01,1.613660485169193526e-01,2.083398457646641611e-01,1.936766915125974209e-01,1.634622420852627489e-01,1.165180136556615564e-01,2.606206789090464992e-01,-1.572880335871801316e-01,-1.452359905960363684e-01,6.163926668707608858e-02,-7.106222212184801212e-02,1.708190181094089988e-01,6.731309973370409871e-02,-5.218569796927954169e-02,1.035328942940019897e-01,-1.534467785334882317e-01,4.320263450221658447e-02,1.874114531164104425e-01,-2.173781869054841331e-01,-6.743268576711897166e-02,1.130521644227396559e-02,8.550091740196261170e-02,6.528870309000452121e-02,0.000000000000000000e+00,5.587416214462529451e-01,5.282641864070646287e-01,1.251594410101125598e-01,4.218631124647712755e-03,1.446822401890675291e-01,1.533879290975652954e-01,2.057804722694074051e-01,7.615247957844287208e-02,-7.193766195748377279e-02,1.844363372044704741e-01,-9.254673953706565870e-02,1.438242976892754599e-01,1.722279154339340645e-01,1.944936127675405968e-01,2.215385446394141367e-01,3.771574968905009317e-01,2.919097075554332177e-01,2.383054664771339093e-02,-4.868843077218385634e-02,3.252126077381655156e-01,1.944543892240252203e-01,1.109802597295041771e-01,-3.192327513086975488e-01,-2.563418155916800112e-01,-6.731922529186853965e-02,-2.782481469771857507e-01,2.774870725888061163e-01,-7.620940321783871430e-02,-1.827166761806863216e-01,3.549958067702830428e-02,-1.791401718726229886e-01,-4.308139556003390269e-02,1.322133364129190747e-01,-1.666851077605959741e-01,6.388161187102721350e-02,1.012491644993003537e-01,1.309503171843441616e-01,-9.787414814025351129e-02,5.587416214462529451e-01,0.000000000000000000e+00,3.396497520324736619e-01,1.761732749879262594e-01,3.389779326103296853e-02,1.064700978898295430e-01,1.290542705125273526e-01,2.034275175973336569e-01,7.328250617249794374e-02,3.200183703753504971e-02,7.871081924303528765e-02,-1.157591005237458004e-01,6.058389484181656015e-02,8.067607578660748735e-02,-6.701796560155171001e-02,9.826668270760947899e-02,3.169214199572613078e-01,1.658615341734230308e-01,-4.422981550626754049e-02,3.116736466047589568e-02,2.929296946514305944e-01,2.643534617917616125e-01,3.261809794205420276e-01,-5.267315074942426067e-02,-1.984750891836222289e-02,7.524776800860355497e-02,4.708756627262510042e-02,-1.136236038880822363e-02,1.648853010124589069e-01,1.859259961495928967e-02,1.355059598248121999e-01,-8.995423121172814451e-02,5.498399603713912537e-02,1.596569379973526437e-01,-2.120419069030586856e-01,-1.699336558825823018e-01,4.299791615377147186e-02,-3.956060375537806539e-02,7.527880252887181323e-02,5.282641864070646287e-01,3.396497520324736619e-01,0.000000000000000000e+00,1.725888713693263590e-02,-3.532658837684948035e-03,1.404290739655356113e-01,2.668980107743951780e-01,2.764619327684701977e-01,7.963307288412801999e-02,-9.122491640982291483e-02,9.258193129925489095e-02,-7.222743460493576649e-03,8.117870353506728698e-02,2.619831791177221203e-01,2.993139542428993605e-01,2.312467832984334559e-01,2.880133130096687033e-01,3.060057271416566915e-01,8.583835087415439546e-02,3.349576922040723576e-02,-1.856972143111920437e-01,-3.011209416126745531e-01,-2.056442115402914161e-01,-2.543528636802126416e-02,-1.283316884178677397e-01,-8.723601251970840298e-02,5.113444568658230549e-02,2.971794960704060018e-01,-5.012006577546388592e-02,5.261189525024743130e-01,5.343364148471101416e-01,4.496041636980468992e-01,3.757776788364682874e-01,4.601662873433679524e-01,5.966927836617923475e-01,7.973299322236644393e-01,5.380247941426743452e-01,3.205312546955936814e-01,2.928363467681556476e-03,1.251594410101125598e-01,1.761732749879262594e-01,1.725888713693263590e-02,0.000000000000000000e+00,4.414339544532834281e-01,5.276188097572094282e-01,-2.712775228373704994e-01,-3.789862861473674016e-01,4.710370551998609434e-01,5.451992761678912114e-01,6.938918688007577051e-01,-5.481025046060238742e-02,-6.288160858302872802e-02,7.263884508848360289e-02,-1.312994620995926731e-01,2.579455119480321690e-01,2.369034242388033673e-01,-6.118914047664836264e-02,-9.280390519061648691e-02,-1.426904959514587734e-01,-7.975024878086432734e-02,-1.610579580598402727e-01,-5.737494854387241439e-02,-6.865275160055991574e-03,7.405964908707547700e-02,8.861817245784063546e-02,-5.944524579913157934e-03,6.862143197482743762e-02,8.621700236575910448e-02,4.927937546294041682e-01,5.289659624548858075e-01,4.525766536196484391e-01,2.437053572453572736e-01,3.517813090077566152e-01,4.438267521777276015e-01,5.008033586898266165e-01,3.882081506247326841e-01,2.675702402722101581e-01,1.620412128026950394e-01,4.218631124647712755e-03,3.389779326103296853e-02,-3.532658837684948035e-03,4.414339544532834281e-01,0.000000000000000000e+00,4.715570352673707499e-01,-1.175932952404908499e-01,-2.361515505794528347e-01,2.548366995502414634e-01,2.996028877441177518e-01,4.727492144395917806e-01,1.480848660179706622e-01,-1.023576810215772737e-01,1.428430049216733999e-01,1.199283879911452154e-02,1.515702103633942976e-01,1.509798731340383782e-01,7.470652741733935231e-02,7.702867444722386048e-02,3.987706442847897131e-02,-9.166278189893853345e-02,-1.659008052712921677e-01,4.957458973880302100e-02,5.759596392072265092e-02,9.859672462862233144e-02,7.138991130262750673e-02,1.943173803841189151e-01,-1.034741984160070655e-01,6.789169189249380509e-02,5.877877956748746024e-01,6.610305046244179250e-01,5.786273266190544717e-01,4.062233653466390537e-01,2.712703267706342847e-01,4.085687542648433479e-01,3.866812680504596034e-01,4.546530322358767751e-01,6.021631200610277901e-02,-2.414470421082574782e-03,1.446822401890675291e-01,1.064700978898295430e-01,1.404290739655356113e-01,5.276188097572094282e-01,4.715570352673707499e-01,0.000000000000000000e+00,1.315211970706712738e-02,-1.731764440099982649e-01,3.906183976676843028e-01,2.102235075572326528e-01,4.285489565787191091e-01,1.844039406280143234e-01,-1.754891829067709852e-01,7.855961457502563805e-02,1.783295856338878715e-01,2.837059227141082163e-01,1.728514211573373427e-01,1.196487473725815764e-01,9.104816075531468877e-02,-6.727495602229280336e-02,5.127513587607659407e-01,5.909531665731093675e-01,3.679724161726951603e-01,-2.935568795486069305e-01,-1.279141971568878156e-01,-1.645781160810234622e-01,-2.200675074107049656e-01,-6.588562756119604735e-01,2.608588019266941949e-01,-1.737904543802309409e-01,1.797962594294893746e-01,-1.762400704122797646e-01,-2.193720565856950022e-01,4.099870021788606239e-02,-4.867582836162323567e-01,-4.211883614249952168e-01,-1.510759248976803470e-01,-2.258156990430437716e-01,-7.077699179405143315e-02,1.533879290975652954e-01,1.290542705125273526e-01,2.668980107743951780e-01,-2.712775228373704994e-01,-1.175932952404908499e-01,1.315211970706712738e-02,0.000000000000000000e+00,7.880101898527123172e-01,8.969136076049063697e-03,-1.345273292993696412e-01,-2.508100546177282064e-01,3.129358362243732095e-01,1.136613852004572656e-01,1.381807569870476260e-01,3.615688306307361377e-01,3.940297625933975589e-01,2.876598715524154581e-01,5.070926740377041941e-01,3.099983659537586256e-01,2.135644519876421787e-01,5.523434838373008082e-01,6.075524763133279826e-01,3.427476901238891149e-01,-2.904729652978022547e-01,-1.261319979329287577e-01,-1.309873554877228896e-01,-2.434823733023708525e-01,-4.622818849084899817e-01,2.327684427494209896e-01,-4.322392450204624592e-01,-1.232409488901371891e-01,-4.176655224792726329e-01,-3.188953110684481507e-01,4.370924773885887654e-03,-5.396115779996907280e-01,-5.140427210349745035e-01,-3.129289239853236815e-01,-2.680168279192848835e-01,-1.945995937520947072e-01,2.057804722694074051e-01,2.034275175973336569e-01,2.764619327684701977e-01,-3.789862861473674016e-01,-2.361515505794528347e-01,-1.731764440099982649e-01,7.880101898527123172e-01,0.000000000000000000e+00,-1.086956293445419108e-01,-2.639419491756046510e-01,-3.662307069031483509e-01,1.530405659329899526e-01,1.360533663381490455e-01,1.410403922207237870e-01,2.198316881949710089e-01,3.324736650749651190e-01,3.210724165335229197e-01,5.147726509928375327e-01,1.871614331361277916e-01,1.457881132343834263e-01,-3.283939468512452053e-02,-5.395099541322306846e-02,3.008371115150164019e-02,1.622402737689175034e-01,1.045852498367917938e-01,-2.324785258259216836e-02,2.496868225637350613e-01,-5.295943423609414391e-02,7.557538153244731938e-03,3.867716324262644445e-01,4.976498947929353101e-01,3.643809605598870571e-01,3.999301786066505882e-01,2.669819582868191987e-01,3.889332341025011908e-01,5.109014502453772533e-01,3.992990099247729630e-01,7.419389825132964578e-02,-6.715959165374278672e-02,7.615247957844287208e-02,7.328250617249794374e-02,7.963307288412801999e-02,4.710370551998609434e-01,2.548366995502414634e-01,3.906183976676843028e-01,8.969136076049063697e-03,-1.086956293445419108e-01,0.000000000000000000e+00,3.572236725472779373e-01,3.787164661923915765e-01,6.825579524259432762e-02,3.136930011575193855e-02,1.046223522743214007e-01,-4.002718941140997327e-03,2.557010621414804730e-01,7.548675279745946376e-02,3.044856328075249557e-02,2.430894593763112746e-02,-6.393614575296494018e-02,-5.157648479660490587e-02,-1.960047441080036423e-01,-1.724005432979399677e-01,-2.380453560302050187e-01,-2.263536790603402349e-01,-3.599125575866358173e-01,-3.021711572671738621e-01,8.522553549762847125e-02,-1.246820167633529292e-01,4.286632415660040496e-01,4.818031614630323700e-01,2.711122617018665859e-01,2.954798132950713918e-01,3.991801863272848583e-01,3.628897651554343073e-01,8.147124982761482226e-01,6.907724894397029303e-01,4.903884538924568881e-01,1.514029121968102631e-01,-7.193766195748377279e-02,3.200183703753504971e-02,-9.122491640982291483e-02,5.451992761678912114e-01,2.996028877441177518e-01,2.102235075572326528e-01,-1.345273292993696412e-01,-2.639419491756046510e-01,3.572236725472779373e-01,0.000000000000000000e+00,6.394402984424014669e-01,-1.029551738638534580e-01,2.369666637789355490e-01,7.826571972387962040e-02,-1.057586708397422470e-01,1.724383747601271055e-01,2.487638949929048549e-01,-3.090684306913962440e-02,-9.702561613882904057e-02,-4.713674299947994556e-02,-1.856281342778418608e-01,-2.850328500659997100e-01,-1.099726604446449735e-01,-8.035437548836039945e-02,-7.721194371221594410e-02,-7.289585559004894966e-02,-8.766026127778622432e-03,2.918333612996150128e-01,7.441667126019119172e-02,5.972996276579078945e-01,5.358078590193025015e-01,3.976297879162317694e-01,3.397614779465840118e-01,5.216780082547687325e-01,5.437044830289348152e-01,7.381644305093353342e-01,4.870180711932974305e-01,3.999136722819865430e-01,2.705436945914571623e-01,1.844363372044704741e-01,7.871081924303528765e-02,9.258193129925489095e-02,6.938918688007577051e-01,4.727492144395917806e-01,4.285489565787191091e-01,-2.508100546177282064e-01,-3.662307069031483509e-01,3.787164661923915765e-01,6.394402984424014669e-01,0.000000000000000000e+00,7.758890129923956547e-02,1.223775248559456300e-03,2.457989308409056495e-01,1.869813760536820704e-02,1.616388783623506353e-01,3.597020983698118179e-01,1.041584686733702803e-01,-6.285075436099163415e-02,-1.285864183596103494e-01,3.362470040101551982e-02,1.234785454310533964e-01,1.294255114658077188e-01,3.134865989039346823e-02,1.458515968139050267e-01,1.235525786987021896e-01,3.328260625847270782e-02,-4.405007314275982133e-01,9.295969430273606782e-02,2.558164256026279962e-02,1.023538453617079680e-01,1.255651125578933873e-02,-1.327231367428549288e-02,-1.342720521202273032e-01,3.790417703825244705e-02,-1.317811089443095829e-01,-4.500987701269160840e-02,-1.783678384108698389e-01,-4.973053504938297620e-02,-9.254673953706565870e-02,-1.157591005237458004e-01,-7.222743460493576649e-03,-5.481025046060238742e-02,1.480848660179706622e-01,1.844039406280143234e-01,3.129358362243732095e-01,1.530405659329899526e-01,6.825579524259432762e-02,-1.029551738638534580e-01,7.758890129923956547e-02,0.000000000000000000e+00,-1.474242796431294023e-01,6.150609564356230435e-02,1.376924895482662392e-01,1.016587776720635772e-01,3.692830106108679206e-02,1.826966250204135611e-01,1.610028482154769458e-01,1.766310712212059569e-02,-1.219259566502088055e-01,-7.983323003629030738e-04,8.044779343658305104e-02,2.029194380310855167e-02,2.466512541743418399e-02,-5.928532272632494951e-03,-3.908665910998066623e-02,-2.126611516116240844e-02,6.427014021925728585e-03,-6.690077879050047860e-02,2.436108987163407985e-02,-1.331080283503386086e-01,-3.473163551678858096e-02,7.184349775383426506e-02,-2.620657775457735927e-01,-6.262908493112295978e-03,-1.385152690143316538e-02,2.121993260382668278e-01,2.187729430695656285e-01,1.438242976892754599e-01,6.058389484181656015e-02,8.117870353506728698e-02,-6.288160858302872802e-02,-1.023576810215772737e-01,-1.754891829067709852e-01,1.136613852004572656e-01,1.360533663381490455e-01,3.136930011575193855e-02,2.369666637789355490e-01,1.223775248559456300e-03,-1.474242796431294023e-01,0.000000000000000000e+00,-1.338464480251054002e-02,1.620705701864356696e-01,2.079883144537318374e-01,6.300305710429612849e-02,2.611457712639973505e-01,1.110532808313690473e-01,7.729924146194334933e-02,2.612508914257078430e-01,2.511406522193183610e-01,1.965044896795467566e-01,-1.658655032391312956e-01,-2.879747746756464166e-02,-9.209162697631460837e-02,-1.396399473156689219e-01,1.181652939692933030e-01,2.421909617225808942e-01,2.141372901745342283e-01,2.077042796140838588e-01,-9.540347070001739885e-03,-1.604892095202521130e-01,3.821783366634566859e-01,3.699706787308454630e-03,1.227278372127905970e-01,7.338131547757288653e-02,2.714975177366773518e-01,3.814721961029017283e-01,1.722279154339340645e-01,8.067607578660748735e-02,2.619831791177221203e-01,7.263884508848360289e-02,1.428430049216733999e-01,7.855961457502563805e-02,1.381807569870476260e-01,1.410403922207237870e-01,1.046223522743214007e-01,7.826571972387962040e-02,2.457989308409056495e-01,6.150609564356230435e-02,-1.338464480251054002e-02,0.000000000000000000e+00,1.612754903899623615e-01,1.259334363373678933e-01,3.668707483029531313e-01,2.787488981414192879e-01,-4.502360320756709083e-02,9.083850275247158657e-02,2.276474167135894566e-02,9.148316967079092588e-02,3.777660456391460087e-01,5.698135840632553850e-02,1.573723981042998710e-01,6.275681958511199199e-02,1.719955051768871646e-01,-5.198670064420718440e-01,2.745613269106786380e-01,2.029805640408589296e-01,2.609179156615771267e-01,1.337831188477587030e-01,1.299672348284782453e-01,-1.287584990615350984e-02,-3.103827286194899004e-01,-3.507065807906978860e-01,-6.239747410471311456e-02,-3.114098707972650856e-02,3.383410917288803277e-01,1.944936127675405968e-01,-6.701796560155171001e-02,2.993139542428993605e-01,-1.312994620995926731e-01,1.199283879911452154e-02,1.783295856338878715e-01,3.615688306307361377e-01,2.198316881949710089e-01,-4.002718941140997327e-03,-1.057586708397422470e-01,1.869813760536820704e-02,1.376924895482662392e-01,1.620705701864356696e-01,1.612754903899623615e-01,0.000000000000000000e+00,2.932381128678784310e-01,1.314156030926801888e-01,3.982404786442967914e-01,3.169707249526974024e-01,1.124674416669835669e-01,-7.546805239260763465e-02,-5.037235124699744604e-02,1.447304123928225550e-01,-1.860726729413125224e-01,-7.800215381507512313e-02,-2.190866714841620544e-01,-9.242820126441911310e-02,-4.672378342453074596e-01,1.563495010992736467e-01,1.594532983548756777e-01,4.524533379337479788e-01,1.448105194967884979e-01,5.780996332822246203e-02,2.465405833141031955e-01,-6.972636621778215138e-02,-1.199852223129594352e-02,1.052111871641979168e-01,1.987318596343281077e-02,-6.102741061303816605e-02,2.215385446394141367e-01,9.826668270760947899e-02,2.312467832984334559e-01,2.579455119480321690e-01,1.515702103633942976e-01,2.837059227141082163e-01,3.940297625933975589e-01,3.324736650749651190e-01,2.557010621414804730e-01,1.724383747601271055e-01,1.616388783623506353e-01,1.016587776720635772e-01,2.079883144537318374e-01,1.259334363373678933e-01,2.932381128678784310e-01,0.000000000000000000e+00,3.589131424337559939e-01,4.574737297599880681e-01,1.512608994870610901e-01,-7.889959533450906226e-02,3.675148656749307463e-01,2.888766666474654743e-01,1.219873951709013055e-01,-4.642828526470611505e-01,-3.234981230853430367e-01,-2.350166790979012765e-01,-4.513099736212535795e-01,3.463963882464474349e-03,9.981523612642656529e-02,3.154808288477328748e-02,2.456001511111438329e-01,-1.369391206428343388e-01,-1.783749540345739570e-01,4.485261437873397927e-01,-1.112044943464095825e-01,1.659780135929862510e-01,8.274839375132937713e-02,2.615482947481871934e-01,1.085565280141498751e-01,3.771574968905009317e-01,3.169214199572613078e-01,2.880133130096687033e-01,2.369034242388033673e-01,1.509798731340383782e-01,1.728514211573373427e-01,2.876598715524154581e-01,3.210724165335229197e-01,7.548675279745946376e-02,2.487638949929048549e-01,3.597020983698118179e-01,3.692830106108679206e-02,6.300305710429612849e-02,3.668707483029531313e-01,1.314156030926801888e-01,3.589131424337559939e-01,0.000000000000000000e+00,5.122243415077962769e-01,-1.386261307521458874e-01,-1.235606156244689197e-01,2.658033488003199718e-01,3.211888701742194874e-01,2.750997092243970266e-01,-2.931725013602543006e-01,-1.044005099715117763e-01,-7.097456590231390750e-02,-2.472199166224782751e-01,-2.940931422206460311e-01,2.481374391618819397e-01,-3.744715810457877742e-02,2.518528344880588410e-01,-1.098450092991380272e-01,-2.395585571951251991e-01,2.502984464153933941e-01,-3.282382605844760826e-01,-2.286087053238497480e-01,-1.588704039352999697e-01,-2.187187337368698241e-03,1.613660485169193526e-01,2.919097075554332177e-01,1.658615341734230308e-01,3.060057271416566915e-01,-6.118914047664836264e-02,7.470652741733935231e-02,1.196487473725815764e-01,5.070926740377041941e-01,5.147726509928375327e-01,3.044856328075249557e-02,-3.090684306913962440e-02,1.041584686733702803e-01,1.826966250204135611e-01,2.611457712639973505e-01,2.787488981414192879e-01,3.982404786442967914e-01,4.574737297599880681e-01,5.122243415077962769e-01,0.000000000000000000e+00,1.357689464272358870e-01,4.479811806031868543e-02,1.917948236040757093e-01,2.786839924802803625e-01,2.196299070826565891e-01,1.601160064524607962e-01,1.574329373574542001e-01,1.355490867431724256e-01,1.182155735397469598e-01,-5.440064535202527862e-01,4.291367387676509049e-01,3.953787606090240075e-02,1.837052430550588367e-01,1.078499721479271867e-01,3.703157068454935308e-01,-1.331556021626672248e-01,-1.105789549495520968e-01,-1.393811449496994426e-01,2.423041030508110011e-02,-6.127665289351470063e-02,2.083398457646641611e-01,2.383054664771339093e-02,-4.422981550626754049e-02,8.583835087415439546e-02,-9.280390519061648691e-02,7.702867444722386048e-02,9.104816075531468877e-02,3.099983659537586256e-01,1.871614331361277916e-01,2.430894593763112746e-02,-9.702561613882904057e-02,-6.285075436099163415e-02,1.610028482154769458e-01,1.110532808313690473e-01,-4.502360320756709083e-02,3.169707249526974024e-01,1.512608994870610901e-01,-1.386261307521458874e-01,1.357689464272358870e-01,0.000000000000000000e+00,5.579163115748140278e-01,2.961685778628007082e-01,3.255669088312675985e-01,1.637136955411587214e-01,-5.671070574321120106e-02,-3.011399677348438469e-02,-8.569928349619150565e-02,-1.474712115460100614e-01,-1.614319070388401389e-01,2.865467248482519991e-01,-2.795354040783265201e-02,6.685397259741457376e-02,3.245963720640790418e-02,-1.073504127581842715e-01,-2.722759649358385409e-02,-1.930603555965930140e-01,-1.038179755500317353e-01,-1.135949134217223988e-01,5.635919069587754654e-02,1.936766915125974209e-01,-4.868843077218385634e-02,3.116736466047589568e-02,3.349576922040723576e-02,-1.426904959514587734e-01,3.987706442847897131e-02,-6.727495602229280336e-02,2.135644519876421787e-01,1.457881132343834263e-01,-6.393614575296494018e-02,-4.713674299947994556e-02,-1.285864183596103494e-01,1.766310712212059569e-02,7.729924146194334933e-02,9.083850275247158657e-02,1.124674416669835669e-01,-7.889959533450906226e-02,-1.235606156244689197e-01,4.479811806031868543e-02,5.579163115748140278e-01,0.000000000000000000e+00
