0.000000000000000000e+00,5.806009923899473346e-01,-2.542300492054246908e-01,-2.632806302161412870e-01,-1.615425135580046134e-01,-5.712127316337073379e-02,-1.942862915798604373e-02,1.842170966035497626e-01,2.360151579983306158e-01,-2.545035494651304298e-02,-3.530270174233897107e-01,-1.027423660745719891e-01,1.614895868845264149e-01,2.934535419717100302e-01,-3.122393972737973478e-01,-1.074469188714878287e-01,8.509310285295496046e-02,1.867471937945172911e-01,7.951787903222429232e-02,1.150310627856309803e-01,-1.756132341380440831e-01,8.857710307733360211e-02,-2.605846045175572723e-01,1.135005479769325698e-01,-2.460853360704270409e-01,4.703920162234955793e-01,3.240495559889695620e-01,2.026635429803285426e-01,2.387609750884243844e-03,-8.167645155009749247e-02,2.304899233619941423e-01,1.644984918914874361e-01,2.634837840367290074e-01,-2.681217489348391731e-03,4.767300404752990994e-01,5.084952795995677510e-01,5.043606626441843321e-01,1.587710108558630998e-02,1.529695063540794098e-01,5.806009923899473346e-01,0.000000000000000000e+00,-2.737006835397172710e-01,-1.988771961073604599e-01,-1.269663382857192935e-01,1.003501300758275483e-01,9.908411124088672972e-02,1.954725713114775221e-01,2.263159734064923434e-01,-1.112723762846968278e-01,-3.697083193031350246e-01,-2.841904682825788231e-01,2.620556508248832184e-02,2.701826493990456268e-01,-3.629959454878924907e-01,-6.737556420558496462e-02,1.116889276977127421e-01,2.902852606267558033e-01,1.158873608876751921e-01,2.045716111539485627e-01,-8.294193026609224251e-02,1.696717359000027570e-01,-1.776100494299726884e-01,2.367491302736449699e-01,-2.545647301458048850e-01,3.429486097622297947e-01,2.468526976391722250e-01,2.553744962454549405e-01,5.462171225032935729e-02,6.302505618442257040e-02,1.700478284816571428e-01,1.604706781664216597e-01,2.546377228199990794e-01,9.524550136518025734e-02,4.452619396443111000e-01,2.948605617504538867e-01,2.923390173289550642e-01,-3.388041214127644057e-02,2.938485991178318990e-01,-2.542300492054246908e-01,-2.737006835397172710e-01,0.000000000000000000e+00,3.381679207712661728e-01,3.588514110516762834e-01,-9.634132346545778297e-03,8.555449887876567794e-02,-3.212328066085944345e-01,-2.183771991080399044e-01,4.808021903495445781e-01,4.782491798360583024e-01,5.786326383071496160e-01,-2.510323225462098018e-02,1.079196102460049239e-01,5.798969480566096291e-01,2.292362548408526379e-01,1.940182625587118792e-01,-5.340542145374482796e-01,-1.905104160872344854e-01,-1.856597977433921132e-01,5.710111009465411724e-01,-4.269932249559021606e-03,1.063502935628733853e-01,7.524971780751413264e-02,4.351970955029449417e-01,1.181941792974105510e-01,-1.933151218037275658e-03,-2.395946493482030426e-01,-2.151655915630565075e-01,-7.036479254110371284e-02,-3.949912923091633554e-01,-3.739433730738442874e-01,2.286249869422606884e-01,-1.748156464695868259e-02,-4.286902528677143109e-02,1.294882032367600522e-01,8.215222956049517133e-02,-8.455533505532610017e-02,-4.821650193141287510e-01,-2.632806302161412870e-01,-1.988771961073604599e-01,3.381679207712661728e-01,0.000000000000000000e+00,8.465119354459429424e-01,2.543096954434898027e-01,8.267850418849335137e-01,-4.250885277935165796e-01,-2.083253987049097922e-01,1.669914443732595788e-01,5.732267864031807131e-02,3.421709448616340188e-01,-8.367130561859825733e-02,-3.475430738826020688e-02,6.362297629324141779e-01,2.329001949680174210e-01,1.744544414325632509e-01,-5.612080569124482388e-01,-3.920416822351991404e-01,-2.053105673338558868e-01,-2.054541739969927353e-02,-3.532057452235224382e-01,2.016616476676549863e-01,-2.506004919351523946e-02,2.763832491874460562e-01,-2.136886878516111588e-01,-2.068030275150308239e-01,-1.480844997190224333e-01,-6.277550027049888515e-01,-4.383199473029517068e-01,-6.956288555171988852e-01,-5.871898675496904918e-01,-2.492671228065228839e-01,1.509586837206583487e-02,-5.305003562160447439e-01,-2.020834923511083681e-01,-4.563413258911995229e-01,1.848369299454597284e-02,-3.427452388119821558e-01,-1.615425135580046134e-01,-1.269663382857192935e-01,3.588514110516762834e-01,8.465119354459429424e-01,0.000000000000000000e+00,2.582596175193924148e-01,9.471881427512343077e-01,-5.931575561613910974e-01,-5.835863617711910534e-01,5.823503823357366604e-01,2.230277278071684521e-01,5.457789258069420946e-01,2.843429346583423167e-01,-3.043519236474946932e-01,5.911401109502811835e-01,3.229446412631972740e-01,1.177534598470168000e-03,-4.265673823175391011e-01,-2.239738802042679222e-01,-3.588817140592284738e-01,-4.451746212220731441e-02,-5.336642174623085211e-01,1.169861821207126007e-01,-6.691156120114898076e-02,4.228147717424223795e-01,-3.751061708611693191e-01,-5.256714451655747355e-01,-3.082548602535682969e-01,-7.751821289731174458e-01,-2.907527353464842146e-01,-5.570366517193769962e-01,-6.195937823094089802e-01,-2.036493224322617757e-01,2.877946377795618724e-02,-6.186102889832315599e-01,-3.082432391512152092e-01,-5.037951313315270907e-01,-2.375077267674108317e-02,-6.469759890118400580e-01,-5.712127316337073379e-02,1.003501300758275483e-01,-9.634132346545778297e-03,2.543096954434898027e-01,2.582596175193924148e-01,0.000000000000000000e+00,3.608079250632889590e-01,9.429271963987168222e-04,1.278464284458050992e-01,1.070910095489523012e-01,6.735437716780311168e-02,-2.002244772360104730e-01,-3.550457067301208969e-02,1.707088359199395722e-01,-3.204788199794096903e-01,1.352875337631256197e-03,6.407565333768587557e-02,3.732714660522660766e-01,4.844537039566095687e-02,5.658599234164705116e-01,1.469670810695230811e-01,5.621226308136829664e-01,2.437667328199224770e-01,1.036560403892061721e-01,1.482798114853405569e-01,-1.844058202970283167e-01,-2.751595127649202888e-01,1.966667143690171426e-01,-7.886708012850079941e-02,2.626519368946741428e-01,-7.444123172392244636e-02,-2.530925438168265401e-02,1.489040274962898647e-01,4.028183559009349546e-01,-1.046312266721804024e-01,-1.349870357997859927e-01,-1.491562348084272960e-01,-2.605875535329541526e-01,2.337624636580766524e-01,-1.942862915798604373e-02,9.908411124088672972e-02,8.555449887876567794e-02,8.267850418849335137e-01,9.471881427512343077e-01,3.608079250632889590e-01,0.000000000000000000e+00,-4.145201415331501438e-01,-4.778256250082066336e-01,4.659980355671539121e-01,-1.920374796109849402e-01,2.910450948517054326e-01,2.313799781274660794e-01,-3.190855499662824668e-01,3.012463682162341283e-01,7.091726438396254995e-02,-3.100946748046773394e-02,-2.412078996359194039e-01,-3.174593929057245578e-01,7.352191915995667792e-02,-6.474545141775711610e-02,-3.451236657891418314e-01,2.403853574951659577e-01,3.654984437331376679e-01,3.602182197564548494e-01,-4.536550818589382694e-01,-4.935899723695610919e-01,1.054684950427749873e-01,-7.554419279475366178e-01,-1.416275939604351441e-01,-3.203187646095027596e-01,-3.583189228093242584e-01,-2.327286318949917943e-01,2.253065756304248601e-01,-4.104053290690855560e-01,-4.315201860153977109e-01,-5.510429471044080429e-01,-3.534624915399700584e-01,-3.592100258320628514e-01,1.842170966035497626e-01,1.954725713114775221e-01,-3.212328066085944345e-01,-4.250885277935165796e-01,-5.931575561613910974e-01,9.429271963987168222e-04,-4.145201415331501438e-01,0.000000000000000000e+00,6.353499169330023566e-01,-2.885120892824111216e-01,-1.972066911902149167e-01,-3.492098721454561794e-01,1.403887366661716873e-01,7.457255826188093073e-02,-3.972427177606661641e-01,-1.281634387403273248e-02,9.686139585162217847e-02,1.720330788696668167e-01,-3.109192355593425744e-02,3.767096632692236713e-01,3.379735144401813107e-02,3.481071798899204595e-01,-3.796900678396774708e-04,3.311316104048836473e-02,-2.500852601641271877e-01,2.220760427662269165e-01,5.332973649608413469e-01,6.423830275327144790e-01,6.453769318109313646e-01,1.521765410177555733e-01,3.495753453562437940e-01,4.946238205945297506e-01,2.654654759604592740e-01,-4.138748432706317038e-02,1.198493815440500598e-01,3.559354544976510160e-01,1.473324417812959253e-01,-3.522956877977034135e-02,3.847203463833170911e-01,2.360151579983306158e-01,2.263159734064923434e-01,-2.183771991080399044e-01,-2.083253987049097922e-01,-5.835863617711910534e-01,1.278464284458050992e-01,-4.778256250082066336e-01,6.353499169330023566e-01,0.000000000000000000e+00,-3.596885350321936126e-01,-5.675242107929509006e-01,-5.077359282346637359e-01,-7.165738789103773265e-02,4.748871497055128788e-01,-3.482967594738385908e-01,2.552797504427439246e-01,9.335656971132173798e-02,4.046058909896961819e-01,2.278899282786053526e-01,2.778847063125921002e-01,1.202172223027524467e-01,4.683169839315184380e-01,1.068682802423573108e-01,-3.662175209970069262e-02,-2.941865257158431946e-01,6.298716078910779892e-01,6.897875240894175697e-01,7.128603711524209574e-01,6.584717586607091722e-01,4.190985097693801231e-01,5.516628393697251553e-01,5.046920050401790814e-01,4.215505327872772212e-01,1.151432272715515875e-01,3.279436790438427507e-01,7.310665535411150495e-01,2.886297050245531515e-01,-1.513308316311113080e-02,5.465846855672504834e-01,-2.545035494651304298e-02,-1.112723762846968278e-01,4.808021903495445781e-01,1.669914443732595788e-01,5.823503823357366604e-01,1.070910095489523012e-01,4.659980355671539121e-01,-2.885120892824111216e-01,-3.596885350321936126e-01,0.000000000000000000e+00,6.045040413949052116e-01,1.014997488048403396e+00,6.271285401542513460e-01,-1.331230208826728600e-01,5.909529731709818323e-01,3.311730308982130944e-01,2.784757134769070830e-01,-4.441214347294858422e-01,-2.031605559686069651e-01,-1.069889071130607078e-01,2.380504957328689331e-01,-1.912978659682480487e-01,4.577020969486401691e-01,3.611954034112400125e-01,8.813259241153390544e-01,-2.323725885962898974e-01,-3.359505101765324353e-01,8.895149985648258262e-02,-2.442074224293128704e-01,1.196117154960358031e-01,-2.740867745162779423e-01,-2.655115101760643359e-01,2.211391185502355194e-01,1.728258679971233225e-01,-3.978816982863874613e-02,7.447934635911196422e-02,1.383786232033088204e-01,-1.006215002069372061e-01,-3.659376980868267459e-01,-3.530270174233897107e-01,-3.697083193031350246e-01,4.782491798360583024e-01,5.732267864031807131e-02,2.230277278071684521e-01,6.735437716780311168e-02,-1.920374796109849402e-01,-1.972066911902149167e-01,-5.675242107929509006e-01,6.045040413949052116e-01,0.000000000000000000e+00,8.505440320045327685e-01,2.691471708470765112e-01,-3.225430779137619663e-01,6.509881248680647881e-01,2.021850305499423451e-03,6.332973358943038145e-01,-4.257363276512750594e-01,6.411056630324983574e-02,4.559615463791216738e-02,2.898359606570780067e-01,-1.040991539805895261e-01,3.233635467167865207e-01,-5.978268293442390302e-02,6.772037556113517098e-01,-3.926642314795595334e-01,-3.477600815445436866e-01,-3.691727787804659489e-01,1.300370290404637974e-01,-2.369994682037065634e-02,-5.348523582769051377e-01,-3.646701090728952654e-01,3.338386078990936146e-02,-1.118541807105722097e-01,-1.141307070436798909e-01,-4.317927876033778034e-01,4.114336318208796500e-02,-1.230109540380543015e-01,-3.889499499511674951e-01,-1.027423660745719891e-01,-2.841904682825788231e-01,5.786326383071496160e-01,3.421709448616340188e-01,5.457789258069420946e-01,-2.002244772360104730e-01,2.910450948517054326e-01,-3.492098721454561794e-01,-5.077359282346637359e-01,1.014997488048403396e+00,8.505440320045327685e-01,0.000000000000000000e+00,5.994201598349397919e-01,-2.734769607181721796e-01,1.061964678995140243e+00,1.336958581636503163e-01,3.557989328471902191e-01,-9.915148075073642042e-01,-4.576030949054275543e-01,-4.213191318955192277e-01,6.992225616998769266e-02,-5.298438070530610000e-01,3.482479718259146040e-01,3.240116498112401988e-01,9.485339428286696517e-01,-3.644527452087582553e-01,-3.952351300287628155e-01,-6.024520542649232369e-02,-4.254334814024499090e-01,-1.334710992430380716e-01,-4.726561768824212306e-01,-4.678059541280279454e-01,7.666936459206070975e-02,-1.146203612659907334e-01,-4.664166841023206778e-02,-4.356612198173847456e-02,2.185708539566389996e-01,1.094674132555804869e-01,-6.061043121827076607e-01,1.614895868845264149e-01,2.620556508248832184e-02,-2.510323225462098018e-02,-8.367130561859825733e-02,2.843429346583423167e-01,-3.550457067301208969e-02,2.313799781274660794e-01,1.403887366661716873e-01,-7.165738789103773265e-02,6.271285401542513460e-01,2.691471708470765112e-01,5.994201598349397919e-01,0.000000000000000000e+00,-2.291306081292445729e-01,2.068223174609763459e-01,1.173906950800693294e-01,2.137036889937665163e-01,-2.984208024050202801e-01,-1.288801431547179910e-01,1.107856164440792213e-01,1.178462315800173771e-01,-1.995357107601541946e-01,1.186620130757695957e-01,1.090980300339794429e-01,4.402940311663571249e-01,-5.118934311177783525e-03,-6.544000045045675340e-02,4.283817128156773568e-02,-8.267818491442868734e-02,1.313253281854817045e-01,2.283913585896170384e-02,1.136712930322744536e-01,7.699700147873403400e-02,-1.279466617290666956e-02,-6.309466529706143911e-02,3.188208725972081492e-01,1.721397657296569739e-01,-5.884215574598245652e-02,-1.819217267307912667e-01,2.934535419717100302e-01,2.701826493990456268e-01,1.079196102460049239e-01,-3.475430738826020688e-02,-3.043519236474946932e-01,1.707088359199395722e-01,-3.190855499662824668e-01,7.457255826188093073e-02,4.748871497055128788e-01,-1.331230208826728600e-01,-3.225430779137619663e-01,-2.734769607181721796e-01,-2.291306081292445729e-01,0.000000000000000000e+00,-1.784039430262210901e-01,7.379587638563896157e-02,9.698617844836124324e-02,2.215696401849769348e-01,1.869767315377569850e-02,1.894153453866166126e-01,2.397493045001866108e-01,5.501427174394126762e-01,-3.662993947262989380e-02,2.945721409215344977e-01,-2.248719810595025959e-01,5.068732635787719376e-01,2.700242342715955535e-01,1.033987252788789307e-01,1.309506947758459772e-01,-2.586177798827099181e-02,1.379116122334627381e-01,2.256506419605841529e-01,4.227122530930058630e-01,6.821090118709974282e-02,5.752756113086469059e-01,6.270597681641507659e-01,6.084021582020263663e-01,2.272906842186755705e-01,4.047852358904733827e-01,-3.122393972737973478e-01,-3.629959454878924907e-01,5.798969480566096291e-01,6.362297629324141779e-01,5.911401109502811835e-01,-3.204788199794096903e-01,3.012463682162341283e-01,-3.972427177606661641e-01,-3.482967594738385908e-01,5.909529731709818323e-01,6.509881248680647881e-01,1.061964678995140243e+00,2.068223174609763459e-01,-1.784039430262210901e-01,0.000000000000000000e+00,4.646967141874321361e-01,4.926708356306658820e-01,-1.055731480121251398e+00,-3.536666010692731676e-01,-7.989192489119094631e-01,1.537296286542350621e-01,-7.642568806946417048e-01,4.487723819465885278e-01,1.724966017636302140e-01,6.171655457962156310e-01,-3.665535353579294497e-01,-2.907444242736713647e-01,-1.807097671074960610e-01,-2.968969393345958219e-01,-2.155730019366481898e-01,-5.217699377598514765e-01,-4.913387183172822636e-01,-2.378369142262823886e-03,-4.106612972436297637e-01,-2.300389605169056717e-01,-1.328754045028376074e-01,-4.617967999741640767e-02,2.307568161580794697e-01,-7.541181259050127039e-01,-1.074469188714878287e-01,-6.737556420558496462e-02,2.292362548408526379e-01,2.329001949680174210e-01,3.229446412631972740e-01,1.352875337631256197e-03,7.091726438396254995e-02,-1.281634387403273248e-02,2.552797504427439246e-01,3.311730308982130944e-01,2.021850305499423451e-03,1.336958581636503163e-01,1.173906950800693294e-01,7.379587638563896157e-02,4.646967141874321361e-01,0.000000000000000000e+00,2.839895116094279248e-01,-1.735614976184423064e-01,-1.402156230995282027e-01,-3.168717476168473324e-01,1.950668366637318407e-01,-1.295841711078832281e-01,4.221848934852346913e-01,-8.098539235490517796e-02,2.288152366500168511e-01,1.129254329641742743e-01,1.098759430224074685e-01,2.817728533137898728e-01,1.713688358299638170e-01,1.527682176069371234e-01,-1.594240273073164668e-02,-1.778020074646708554e-02,1.981021416691271519e-01,-4.105256118002665461e-02,-2.227986056310420626e-01,2.767243828798269800e-01,-1.542104676133359553e-01,3.020101891108998085e-02,-1.615575863232175946e-01,8.509310285295496046e-02,1.116889276977127421e-01,1.940182625587118792e-01,1.744544414325632509e-01,1.177534598470168000e-03,6.407565333768587557e-02,-3.100946748046773394e-02,9.686139585162217847e-02,9.335656971132173798e-02,2.784757134769070830e-01,6.332973358943038145e-01,3.557989328471902191e-01,2.137036889937665163e-01,9.698617844836124324e-02,4.926708356306658820e-01,2.839895116094279248e-01,0.000000000000000000e+00,-2.027301721088727304e-01,4.060931656479696561e-02,1.196909439588726282e-01,3.042591578848060641e-01,8.003050497575964206e-02,3.923109091212699240e-01,2.812926385027925830e-02,3.533916404266538858e-01,1.079924199624078818e-01,1.963346483355565553e-01,1.363919346277779610e-01,3.455087263842419598e-01,1.275376554840897125e-01,-2.329631518900060760e-01,-1.000699396036232314e-01,2.738404446795642544e-01,-1.312662388320566531e-01,1.571029265227116833e-01,1.241080970053610594e-01,1.168656569304001025e-01,-3.160809179357031429e-01,-1.483346218090640656e-01,1.867471937945172911e-01,2.902852606267558033e-01,-5.340542145374482796e-01,-5.612080569124482388e-01,-4.265673823175391011e-01,3.732714660522660766e-01,-2.412078996359194039e-01,1.720330788696668167e-01,4.046058909896961819e-01,-4.441214347294858422e-01,-4.257363276512750594e-01,-9.915148075073642042e-01,-2.984208024050202801e-01,2.215696401849769348e-01,-1.055731480121251398e+00,-1.735614976184423064e-01,-2.027301721088727304e-01,0.000000000000000000e+00,9.076519489780349170e-01,6.266656883884843543e-01,-1.504181306386084827e-01,5.720993268857043068e-01,-2.339289741321763094e-01,-1.261939988455319239e-01,-5.472355487971126697e-01,2.571862264877119442e-01,1.507855084161800474e-01,3.738034644030929776e-02,3.222515179589661161e-01,3.755169321955496575e-01,4.239286814990272378e-01,2.469441867376676591e-01,7.694181584373332994e-02,3.504558647382035597e-01,1.932996495128010972e-01,-1.278298250566605853e-03,-5.401318357440045709e-02,-3.592300287250161372e-01,5.940723517115681362e-01,7.951787903222429232e-02,1.158873608876751921e-01,-1.905104160872344854e-01,-3.920416822351991404e-01,-2.239738802042679222e-01,4.844537039566095687e-02,-3.174593929057245578e-01,-3.109192355593425744e-02,2.278899282786053526e-01,-2.031605559686069651e-01,6.411056630324983574e-02,-4.576030949054275543e-01,-1.288801431547179910e-01,1.869767315377569850e-02,-3.536666010692731676e-01,-1.402156230995282027e-01,4.060931656479696561e-02,9.076519489780349170e-01,0.000000000000000000e+00,1.043357619167516737e-01,-3.855679893612954517e-02,3.645675672155625213e-02,-2.756418796300665885e-01,-3.124860469168852517e-01,-3.801459190197701288e-01,2.747536748108717064e-01,2.581175323221285844e-01,-2.677915867768216884e-01,3.527219316140154382e-01,2.651037357104869541e-01,2.544534694815232534e-01,-4.647605183689210162e-02,8.941085655962173473e-02,9.107057223181372341e-02,6.182314536972950691e-02,-7.583365655378923598e-02,-7.178533112899522506e-02,-2.567048684996907637e-01,7.078548585431991558e-02,1.150310627856309803e-01,2.045716111539485627e-01,-1.856597977433921132e-01,-2.053105673338558868e-01,-3.588817140592284738e-01,5.658599234164705116e-01,7.352191915995667792e-02,3.767096632692236713e-01,2.778847063125921002e-01,-1.069889071130607078e-01,4.559615463791216738e-02,-4.213191318955192277e-01,1.107856164440792213e-01,1.894153453866166126e-01,-7.989192489119094631e-01,-3.168717476168473324e-01,1.196909439588726282e-01,6.266656883884843543e-01,1.043357619167516737e-01,0.000000000000000000e+00,3.178806036292833315e-01,9.151770117710944508e-01,1.282191614633532706e-01,4.347927687493380877e-01,-1.572649146273655957e-02,2.568532969048156755e-01,1.913328109278917832e-01,3.127375225425126359e-01,3.011928464888823931e-01,4.990257226901960719e-01,1.509058807332387397e-01,4.376687764271497971e-01,2.453241805815631615e-01,4.128945509290621874e-01,3.796145998677863953e-01,1.535243139181779459e-01,1.996381251754259789e-01,-5.167196912921709906e-01,6.658007712336506678e-01,-1.756132341380440831e-01,-8.294193026609224251e-02,5.710111009465411724e-01,-2.054541739969927353e-02,-4.451746212220731441e-02,1.469670810695230811e-01,-6.474545141775711610e-02,3.379735144401813107e-02,1.202172223027524467e-01,2.380504957328689331e-01,2.898359606570780067e-01,6.992225616998769266e-02,1.178462315800173771e-01,2.397493045001866108e-01,1.537296286542350621e-01,1.950668366637318407e-01,3.042591578848060641e-01,-1.504181306386084827e-01,-3.855679893612954517e-02,3.178806036292833315e-01,0.000000000000000000e+00,4.561276817974078135e-01,1.902144704299511824e-01,1.929558569022645498e-01,2.084404420327491403e-01,3.565375128759561418e-01,2.824274183657511372e-01,-2.507063483175846902e-02,2.716649707346011633e-01,3.057221676877688865e-01,-4.814618798010699557e-02,1.407610270750907777e-01,3.931170888772840266e-01,9.316087029155895038e-02,2.132495002018948427e-01,3.531501933089812306e-01,2.570343349280542755e-01,-2.078306178829482098e-01,-3.186896353465500792e-02,8.857710307733360211e-02,1.696717359000027570e-01,-4.269932249559021606e-03,-3.532057452235224382e-01,-5.336642174623085211e-01,5.621226308136829664e-01,-3.451236657891418314e-01,3.481071798899204595e-01,4.683169839315184380e-01,-1.912978659682480487e-01,-1.040991539805895261e-01,-5.298438070530610000e-01,-1.995357107601541946e-01,5.501427174394126762e-01,-7.642568806946417048e-01,-1.295841711078832281e-01,8.003050497575964206e-02,5.720993268857043068e-01,3.645675672155625213e-02,9.151770117710944508e-01,4.561276817974078135e-01,0.000000000000000000e+00,1.100856391083078895e-01,3.307274528750727693e-01,-1.097680309789366843e-01,3.726238533805308339e-01,2.834293020365932780e-01,3.605027556970073488e-01,4.308586590777352399e-01,4.230432355090416596e-01,2.987437610617876271e-01,4.608721652094255883e-01,4.547729630515600641e-01,4.250010511419691772e-01,4.929756612239452607e-01,4.018779931598933652e-01,4.440387029659038087e-01,-1.902360068836864426e-01,7.157667699089287350e-01,-2.605846045175572723e-01,-1.776100494299726884e-01,1.063502935628733853e-01,2.016616476676549863e-01,1.169861821207126007e-01,2.437667328199224770e-01,2.403853574951659577e-01,-3.796900678396774708e-04,1.068682802423573108e-01,4.577020969486401691e-01,3.233635467167865207e-01,3.482479718259146040e-01,1.186620130757695957e-01,-3.662993947262989380e-02,4.487723819465885278e-01,4.221848934852346913e-01,3.923109091212699240e-01,-2.339289741321763094e-01,-2.756418796300665885e-01,1.282191614633532706e-01,1.902144704299511824e-01,1.100856391083078895e-01,0.000000000000000000e+00,3.113872910689937656e-01,5.472013860789364248e-01,-2.728364120657963965e-01,-1.307028117090711927e-01,4.733977795844730996e-01,2.899092846454224826e-01,4.026537248079520293e-01,3.206144526458607619e-02,1.813987235863585568e-01,1.382611845237677606e-01,1.271073850263259308e-01,-1.167976721615547747e-01,-1.033105001830261771e-01,-1.871434051378643715e-01,-1.740903874655855554e-01,4.024827805838452482e-02,1.135005479769325698e-01,2.367491302736449699e-01,7.524971780751413264e-02,-2.506004919351523946e-02,-6.691156120114898076e-02,1.036560403892061721e-01,3.654984437331376679e-01,3.311316104048836473e-02,-3.662175209970069262e-02,3.611954034112400125e-01,-5.978268293442390302e-02,3.240116498112401988e-01,1.090980300339794429e-01,2.945721409215344977e-01,1.724966017636302140e-01,-8.098539235490517796e-02,2.812926385027925830e-02,-1.261939988455319239e-01,-3.124860469168852517e-01,4.347927687493380877e-01,1.929558569022645498e-01,3.307274528750727693e-01,3.113872910689937656e-01,0.000000000000000000e+00,2.821686353627290700e-01,-9.875054436279377679e-02,-1.646384137494505684e-01,3.804850382883119830e-01,-1.910486055191831789e-01,2.910806893351209901e-01,7.308929952878845740e-03,2.835086112352544485e-01,3.637776070347865098e-01,3.464161502310297847e-01,6.892704579073027915e-01,1.392151988405800900e-01,5.296649929843182392e-01,1.653200436778980154e-01,4.573427526764746176e-01,-2.460853360704270409e-01,-2.545647301458048850e-01,4.351970955029449417e-01,2.763832491874460562e-01,4.228147717424223795e-01,1.482798114853405569e-01,3.602182197564548494e-01,-2.500852601641271877e-01,-2.941865257158431946e-01,8.813259241153390544e-01,6.772037556113517098e-01,9.485339428286696517e-01,4.402940311663571249e-01,-2.248719810595025959e-01,6.171655457962156310e-01,2.288152366500168511e-01,3.533916404266538858e-01,-5.472355487971126697e-01,-3.801459190197701288e-01,-1.572649146273655957e-02,2.084404420327491403e-01,-1.097680309789366843e-01,5.472013860789364248e-01,2.821686353627290700e-01,0.000000000000000000e+00,-3.466122850757894502e-01,-3.629029887354893180e-01,1.819162321905788415e-01,-1.653272670185616522e-01,1.928834409981722009e-01,-3.223304483235943096e-01,-2.693340458473365007e-01,8.231367035971316748e-02,1.571820153320057090e-01,-1.225347079975599163e-01,-1.116234717657858394e-01,-4.930859076736877900e-02,-2.067560768121066428e-01,-3.456770560016864668e-01,4.703920162234955793e-01,3.429486097622297947e-01,1.181941792974105510e-01,-2.136886878516111588e-01,-3.751061708611693191e-01,-1.844058202970283167e-01,-4.536550818589382694e-01,2.220760427662269165e-01,6.298716078910779892e-01,-2.323725885962898974e-01,-3.926642314795595334e-01,-3.644527452087582553e-01,-5.118934311177783525e-03,5.068732635787719376e-01,-3.665535353579294497e-01,1.129254329641742743e-01,1.079924199624078818e-01,2.571862264877119442e-01,2.747536748108717064e-01,2.568532969048156755e-01,3.565375128759561418e-01,3.726238533805308339e-01,-2.728364120657963965e-01,-9.875054436279377679e-02,-3.466122850757894502e-01,0.000000000000000000e+00,9.481811639319684959e-01,2.242173139746420907e-01,4.015272147696706817e-01,1.359675180412008022e-01,3.037661822482772833e-01,2.881431431032225321e-01,4.174930574054285248e-01,1.226197758633349420e-02,4.936234821371213721e-01,1.000054862657333343e+00,6.340739620101781826e-01,-1.233775528884665518e-01,2.377819304354866214e-01,3.240495559889695620e-01,2.468526976391722250e-01,-1.933151218037275658e-03,-2.068030275150308239e-01,-5.256714451655747355e-01,-2.751595127649202888e-01,-4.935899723695610919e-01,5.332973649608413469e-01,6.897875240894175697e-01,-3.359505101765324353e-01,-3.477600815445436866e-01,-3.952351300287628155e-01,-6.544000045045675340e-02,2.700242342715955535e-01,-2.907444242736713647e-01,1.098759430224074685e-01,1.963346483355565553e-01,1.507855084161800474e-01,2.581175323221285844e-01,1.913328109278917832e-01,2.824274183657511372e-01,2.834293020365932780e-01,-1.307028117090711927e-01,-1.646384137494505684e-01,-3.629029887354893180e-01,9.481811639319684959e-01,0.000000000000000000e+00,4.153411527821900262e-01,6.614268364305765369e-01,1.629729595665302677e-01,3.918378761793973042e-01,3.881707307763493375e-01,3.578238944299987345e-01,-6.596555486152398673e-02,3.133925173898289285e-01,7.774055392499595873e-01,3.444199877685742428e-01,-1.501970424208605992e-01,2.631447150909420607e-01,2.026635429803285426e-01,2.553744962454549405e-01,-2.395946493482030426e-01,-1.480844997190224333e-01,-3.082548602535682969e-01,1.966667143690171426e-01,1.054684950427749873e-01,6.423830275327144790e-01,7.128603711524209574e-01,8.895149985648258262e-02,-3.691727787804659489e-01,-6.024520542649232369e-02,4.283817128156773568e-02,1.033987252788789307e-01,-1.807097671074960610e-01,2.817728533137898728e-01,1.363919346277779610e-01,3.738034644030929776e-02,-2.677915867768216884e-01,3.127375225425126359e-01,-2.507063483175846902e-02,3.605027556970073488e-01,4.733977795844730996e-01,3.804850382883119830e-01,1.819162321905788415e-01,2.242173139746420907e-01,4.153411527821900262e-01,0.000000000000000000e+00,5.255914630137736854e-01,4.963050685541431362e-01,4.457875346559296847e-01,4.750668532411246869e-01,3.707005682259855162e-01,2.942364582238971571e-01,2.374864154722594600e-01,4.435923096871245974e-01,1.496292423655979920e-01,-1.553099368653309831e-01,4.280152665109842047e-01,2.387609750884243844e-03,5.462171225032935729e-02,-2.151655915630565075e-01,-6.277550027049888515e-01,-7.751821289731174458e-01,-7.886708012850079941e-02,-7.554419279475366178e-01,6.453769318109313646e-01,6.584717586607091722e-01,-2.442074224293128704e-01,1.300370290404637974e-01,-4.254334814024499090e-01,-8.267818491442868734e-02,1.309506947758459772e-01,-2.968969393345958219e-01,1.713688358299638170e-01,3.455087263842419598e-01,3.222515179589661161e-01,3.527219316140154382e-01,3.011928464888823931e-01,2.716649707346011633e-01,4.308586590777352399e-01,2.899092846454224826e-01,-1.910486055191831789e-01,-1.653272670185616522e-01,4.015272147696706817e-01,6.614268364305765369e-01,5.255914630137736854e-01,0.000000000000000000e+00,4.952583421930122909e-01,5.581497431578822388e-01,6.597499286264999485e-01,3.301766498329773980e-01,-3.235437687770693904e-02,2.725625909831977389e-01,3.060536864717451344e-01,1.524211803859341907e-01,-8.761879236975991803e-02,4.667865956984416642e-01,-8.167645155009749247e-02,6.302505618442257040e-02,-7.036479254110371284e-02,-4.383199473029517068e-01,-2.907527353464842146e-01,2.626519368946741428e-01,-1.416275939604351441e-01,1.521765410177555733e-01,4.190985097693801231e-01,1.196117154960358031e-01,-2.369994682037065634e-02,-1.334710992430380716e-01,1.313253281854817045e-01,-2.586177798827099181e-02,-2.155730019366481898e-01,1.527682176069371234e-01,1.275376554840897125e-01,3.755169321955496575e-01,2.651037357104869541e-01,4.990257226901960719e-01,3.057221676877688865e-01,4.230432355090416596e-01,4.026537248079520293e-01,2.910806893351209901e-01,1.928834409981722009e-01,1.359675180412008022e-01,1.629729595665302677e-01,4.963050685541431362e-01,4.952583421930122909e-01,0.000000000000000000e+00,3.934907321805706792e-01,4.088810564512954104e-01,3.003367094345793520e-01,2.807631933266197533e-01,2.475236463581781954e-01,1.469576322376835165e-01,-2.477040544790167637e-02,-3.929431763666342281e-01,3.128798933520460235e-01,2.304899233619941423e-01,1.700478284816571428e-01,-3.949912923091633554e-01,-6.956288555171988852e-01,-5.570366517193769962e-01,-7.444123172392244636e-02,-3.203187646095027596e-01,3.495753453562437940e-01,5.516628393697251553e-01,-2.740867745162779423e-01,-5.348523582769051377e-01,-4.726561768824212306e-01,2.283913585896170384e-02,1.379116122334627381e-01,-5.217699377598514765e-01,-1.594240273073164668e-02,-2.329631518900060760e-01,4.239286814990272378e-01,2.544534694815232534e-01,1.509058807332387397e-01,-4.814618798010699557e-02,2.987437610617876271e-01,3.206144526458607619e-02,7.308929952878845740e-03,-3.223304483235943096e-01,3.037661822482772833e-01,3.918378761793973042e-01,4.457875346559296847e-01,5.581497431578822388e-01,3.934907321805706792e-01,0.000000000000000000e+00,7.121018115539740068e-01,2.184068465451290686e-01,1.199488471139227297e-01,2.996584823758946525e-01,3.380772219812111512e-01,1.492757292996354512e-01,8.789637721773845003e-02,4.705379847082507561e-01,1.644984918914874361e-01,1.604706781664216597e-01,-3.739433730738442874e-01,-5.871898675496904918e-01,-6.195937823094089802e-01,-2.530925438168265401e-02,-3.583189228093242584e-01,4.946238205945297506e-01,5.046920050401790814e-01,-2.655115101760643359e-01,-3.646701090728952654e-01,-4.678059541280279454e-01,1.136712930322744536e-01,2.256506419605841529e-01,-4.913387183172822636e-01,-1.778020074646708554e-02,-1.000699396036232314e-01,2.469441867376676591e-01,-4.647605183689210162e-02,4.376687764271497971e-01,1.407610270750907777e-01,4.608721652094255883e-01,1.813987235863585568e-01,2.835086112352544485e-01,-2.693340458473365007e-01,2.881431431032225321e-01,3.881707307763493375e-01,4.750668532411246869e-01,6.597499286264999485e-01,4.088810564512954104e-01,7.121018115539740068e-01,0.000000000000000000e+00,2.614981598304987886e-01,1.148716836190570578e-01,4.304125409701793914e-01,3.779007040045108679e-01,2.757008089434622722e-01,1.524324880624104428e-01,6.171629066637774885e-01,2.634837840367290074e-01,2.546377228199990794e-01,2.286249869422606884e-01,-2.492671228065228839e-01,-2.036493224322617757e-01,1.489040274962898647e-01,-2.327286318949917943e-01,2.654654759604592740e-01,4.215505327872772212e-01,2.211391185502355194e-01,3.338386078990936146e-02,7.666936459206070975e-02,7.699700147873403400e-02,4.227122530930058630e-01,-2.378369142262823886e-03,1.981021416691271519e-01,2.738404446795642544e-01,7.694181584373332994e-02,8.941085655962173473e-02,2.453241805815631615e-01,3.931170888772840266e-01,4.547729630515600641e-01,1.382611845237677606e-01,3.637776070347865098e-01,8.231367035971316748e-02,4.174930574054285248e-01,3.578238944299987345e-01,3.707005682259855162e-01,3.301766498329773980e-01,3.003367094345793520e-01,2.184068465451290686e-01,2.614981598304987886e-01,0.000000000000000000e+00,1.701861798396954728e-01,5.330044686116223174e-01,5.573711149810670618e-01,5.044990492402662285e-01,2.303925356627117838e-02,2.266476255121980254e-01,-2.681217489348391731e-03,9.524550136518025734e-02,-1.748156464695868259e-02,1.509586837206583487e-02,2.877946377795618724e-02,4.028183559009349546e-01,2.253065756304248601e-01,-4.138748432706317038e-02,1.151432272715515875e-01,1.728258679971233225e-01,-1.118541807105722097e-01,-1.146203612659907334e-01,-1.279466617290666956e-02,6.821090118709974282e-02,-4.106612972436297637e-01,-4.105256118002665461e-02,-1.312662388320566531e-01,3.504558647382035597e-01,9.107057223181372341e-02,4.128945509290621874e-01,9.316087029155895038e-02,4.250010511419691772e-01,1.271073850263259308e-01,3.464161502310297847e-01,1.571820153320057090e-01,1.226197758633349420e-02,-6.596555486152398673e-02,2.942364582238971571e-01,-3.235437687770693904e-02,2.807631933266197533e-01,1.199488471139227297e-01,1.148716836190570578e-01,1.701861798396954728e-01,0.000000000000000000e+00,1.419802305693568800e-01,8.664299543359128830e-03,6.204796865868982686e-02,-1.312792142450333321e-01,3.143978887879803064e-01,4.767300404752990994e-01,4.452619396443111000e-01,-4.286902528677143109e-02,-5.305003562160447439e-01,-6.186102889832315599e-01,-1.046312266721804024e-01,-4.104053290690855560e-01,1.198493815440500598e-01,3.279436790438427507e-01,-3.978816982863874613e-02,-1.141307070436798909e-01,-4.664166841023206778e-02,-6.309466529706143911e-02,5.752756113086469059e-01,-2.300389605169056717e-01,-2.227986056310420626e-01,1.571029265227116833e-01,1.932996495128010972e-01,6.182314536972950691e-02,3.796145998677863953e-01,2.132495002018948427e-01,4.929756612239452607e-01,-1.167976721615547747e-01,6.892704579073027915e-01,-1.225347079975599163e-01,4.936234821371213721e-01,3.133925173898289285e-01,2.374864154722594600e-01,2.725625909831977389e-01,2.475236463581781954e-01,2.996584823758946525e-01,4.304125409701793914e-01,5.330044686116223174e-01,1.419802305693568800e-01,0.000000000000000000e+00,6.142060837261896777e-01,9.943533116617460088e-01,2.284039190775996320e-01,6.652783334460016240e-01,5.084952795995677510e-01,2.948605617504538867e-01,1.294882032367600522e-01,-2.020834923511083681e-01,-3.082432391512152092e-01,-1.349870357997859927e-01,-4.315201860153977109e-01,3.559354544976510160e-01,7.310665535411150495e-01,7.447934635911196422e-02,-4.317927876033778034e-01,-4.356612198173847456e-02,3.188208725972081492e-01,6.270597681641507659e-01,-1.328754045028376074e-01,2.767243828798269800e-01,1.241080970053610594e-01,-1.278298250566605853e-03,-7.583365655378923598e-02,1.535243139181779459e-01,3.531501933089812306e-01,4.018779931598933652e-01,-1.033105001830261771e-01,1.392151988405800900e-01,-1.116234717657858394e-01,1.000054862657333343e+00,7.774055392499595873e-01,4.435923096871245974e-01,3.060536864717451344e-01,1.469576322376835165e-01,3.380772219812111512e-01,3.779007040045108679e-01,5.573711149810670618e-01,8.664299543359128830e-03,6.142060837261896777e-01,0.000000000000000000e+00,8.756803332863939415e-01,1.314482537221268454e-01,2.871731928107923437e-01,5.043606626441843321e-01,2.923390173289550642e-01,8.215222956049517133e-02,-4.563413258911995229e-01,-5.037951313315270907e-01,-1.491562348084272960e-01,-5.510429471044080429e-01,1.473324417812959253e-01,2.886297050245531515e-01,1.383786232033088204e-01,4.114336318208796500e-02,2.185708539566389996e-01,1.721397657296569739e-01,6.084021582020263663e-01,-4.617967999741640767e-02,-1.542104676133359553e-01,1.168656569304001025e-01,-5.401318357440045709e-02,-7.178533112899522506e-02,1.996381251754259789e-01,2.570343349280542755e-01,4.440387029659038087e-01,-1.871434051378643715e-01,5.296649929843182392e-01,-4.930859076736877900e-02,6.340739620101781826e-01,3.444199877685742428e-01,1.496292423655979920e-01,1.524211803859341907e-01,-2.477040544790167637e-02,1.492757292996354512e-01,2.757008089434622722e-01,5.044990492402662285e-01,6.204796865868982686e-02,9.943533116617460088e-01,8.756803332863939415e-01,0.000000000000000000e+00,3.983712190994625479e-01,4.727312009803805171e-01,1.587710108558630998e-02,-3.388041214127644057e-02,-8.455533505532610017e-02,1.848369299454597284e-02,-2.375077267674108317e-02,-2.605875535329541526e-01,-3.534624915399700584e-01,-3.522956877977034135e-02,-1.513308316311113080e-02,-1.006215002069372061e-01,-1.230109540380543015e-01,1.094674132555804869e-01,-5.884215574598245652e-02,2.272906842186755705e-01,2.307568161580794697e-01,3.020101891108998085e-02,-3.160809179357031429e-01,-3.592300287250161372e-01,-2.567048684996907637e-01,-5.167196912921709906e-01,-2.078306178829482098e-01,-1.902360068836864426e-01,-1.740903874655855554e-01,1.653200436778980154e-01,-2.067560768121066428e-01,-1.233775528884665518e-01,-1.501970424208605992e-01,-1.553099368653309831e-01,-8.761879236975991803e-02,-3.929431763666342281e-01,8.789637721773845003e-02,1.524324880624104428e-01,2.303925356627117838e-02,-1.312792142450333321e-01,2.284039190775996320e-01,1.314482537221268454e-01,3.983712190994625479e-01,0.000000000000000000e+00,3.196997242359818081e-01,1.529695063540794098e-01,2.938485991178318990e-01,-4.821650193141287510e-01,-3.427452388119821558e-01,-6.469759890118400580e-01,2.337624636580766524e-01,-3.592100258320628514e-01,3.847203463833170911e-01,5.465846855672504834e-01,-3.659376980868267459e-01,-3.889499499511674951e-01,-6.061043121827076607e-01,-1.819217267307912667e-01,4.047852358904733827e-01,-7.541181259050127039e-01,-1.615575863232175946e-01,-1.483346218090640656e-01,5.940723517115681362e-01,7.078548585431991558e-02,6.658007712336506678e-01,-3.186896353465500792e-02,7.157667699089287350e-01,4.024827805838452482e-02,4.573427526764746176e-01,-3.456770560016864668e-01,2.377819304354866214e-01,2.631447150909420607e-01,4.280152665109842047e-01,4.667865956984416642e-01,3.128798933520460235e-01,4.705379847082507561e-01,6.171629066637774885e-01,2.266476255121980254e-01,3.143978887879803064e-01,6.652783334460016240e-01,2.871731928107923437e-01,4.727312009803805171e-01,3.196997242359818081e-01,0.000000000000000000e+00
