0.000000000000000000e+00,4.701152352536838719e-01,4.240332307844100757e-01,-2.844001971304364607e-01,-1.449298492951654749e-01,5.396007097413912240e-02,-1.053919180437359326e-01,2.050263425533858375e-01,3.424018370730909644e-01,4.071406892679050871e-01,3.097971396037789149e-01,-4.422903413324765637e-02,5.677958539100673267e-03,4.666901244206870247e-01,-1.403757493465051520e-01,2.214626432071090945e-01,1.641261265829057070e-01,3.355573939603880285e-01,3.877236343930141049e-01,4.909928186941519002e-01,4.090663725976628196e-01,5.312464657859375938e-01,1.783209487932319592e-01,1.418168303380588080e-01,3.607827867742325334e-01,4.569752418636103264e-01,2.186869182871365169e-01,-1.043572311097429837e-02,4.297653355543146758e-01,3.303728526736683380e-01,3.558114811972436509e-01,4.215939705448416008e-01,4.026316075751175672e-01,3.379485301740796088e-01,5.252887657496816409e-01,4.482980806208475832e-01,4.920373529377739530e-01,2.895380337650099375e-02,4.420114950955039146e-01,4.701152352536838719e-01,0.000000000000000000e+00,7.483487843332280176e-02,-1.470186904406030337e-01,-1.459654994230055458e-01,1.667720790124990471e-01,-1.775250206683752496e-01,2.519835556712372582e-01,-2.194801810380295759e-01,1.958501797475014627e-01,-3.304715218509214798e-03,-1.604215809302567408e-01,2.631691084181018159e-01,1.316103613505542613e-01,-1.631607753674740313e-01,3.735444925856646215e-03,-5.238158292350609396e-02,2.853962584444011408e-01,2.510848369572087901e-01,4.133550581573137150e-01,3.065349065535619144e-01,4.574870186406652661e-01,-4.106654492112158938e-01,-1.465586081737548230e-01,-2.452215034920250669e-01,-1.493879632256362444e-01,-2.248981045406815982e-01,-4.898579981758532931e-02,2.079628191811055959e-01,9.541594675462088115e-02,3.371817867809971947e-01,1.841373472636905484e-01,5.357700786742434357e-02,-5.723790064702597574e-02,-2.317825281746725974e-01,-1.141874892949846371e-01,-8.534951133866393314e-02,-5.040309211978504234e-01,-1.880222849431753551e-01,4.240332307844100757e-01,7.483487843332280176e-02,0.000000000000000000e+00,6.247204904859644803e-02,-4.344768727303502387e-02,7.544348699343024489e-02,2.290027241287687365e-01,-4.274215415789210937e-01,4.592847087582306309e-01,5.658552744571367921e-01,2.672337475896773840e-01,1.020968083547992428e-01,2.085846724827563337e-01,3.630654861081317186e-01,-1.615827060209210908e-01,1.467888972859901497e-01,2.050369543716643872e-01,6.891758036661758124e-01,7.294193576394379930e-01,8.373974605041502040e-01,6.711748058536317618e-01,8.503351581962965700e-01,2.893487843905278023e-01,2.433377276462195538e-01,4.213733647282203454e-01,6.351119611226878625e-01,3.306791094440550971e-01,5.881704544582925381e-02,1.783395825988770833e-01,4.916099365675222904e-02,5.739924381171819245e-01,3.609169608251769912e-01,9.002642236931782671e-01,9.789401518826040816e-01,4.148943027882260881e-01,4.202686864419137858e-01,5.090789449574949499e-01,2.949189780071808653e-01,7.483114585250001394e-01,-2.844001971304364607e-01,-1.470186904406030337e-01,6.247204904859644803e-02,0.000000000000000000e+00,6.547173023299834860e-01,5.772576892582101937e-01,4.506591668939893269e-01,-2.590594154422712347e-01,9.311572364737683016e-02,-1.441291145081811109e-01,-1.257238642200600720e-01,2.080853141912355486e-01,3.569281805404777019e-01,1.049637962442188377e-01,3.104130012488675594e-01,-1.092701447557487271e-01,3.295203526531449018e-02,-4.548782376862600119e-01,-3.847926989584328772e-01,-3.176686246819588888e-01,-2.113605478996401776e-01,-3.264177962879570294e-01,-7.114073204630610991e-02,3.855501005828076977e-01,-2.456395075345966517e-01,-1.346892989955399134e-01,8.783667076771110860e-02,4.918215264223693151e-01,1.787878375529905473e-01,1.009074014046479756e-01,2.551992073604569811e-01,-1.628609556949398018e-01,3.082954667488529629e-02,-1.509807033852764990e-01,-4.177077816967841861e-01,-6.325820156832210328e-01,-2.351283237847581753e-01,-2.103548965970759854e-01,-3.971309033688128487e-01,-1.449298492951654749e-01,-1.459654994230055458e-01,-4.344768727303502387e-02,6.547173023299834860e-01,0.000000000000000000e+00,6.667578312779246508e-01,6.365218660628904068e-01,-3.552958942756572758e-01,5.665619249956490577e-01,-1.848388632053941938e-01,1.123666095516172130e-02,3.925448587231682440e-01,5.143103237990125365e-01,3.429684403923822789e-01,5.964519517663150472e-01,-8.020021622844546172e-02,-1.831521000008088512e-02,-9.247523606411376385e-01,-7.681022284576864978e-01,-6.990086827032482297e-01,-6.302653778251467998e-01,-6.825347839885836931e-01,4.759724176993563871e-01,8.206607510280096163e-01,2.229860768145959238e-01,3.800002682458608061e-01,5.570161602504610787e-01,8.182648688208935539e-01,3.579643203947082686e-01,4.111343807867401945e-01,4.630990437083642441e-01,4.222249373672781921e-03,5.936072101393235351e-02,-2.757558674861415593e-01,7.027984859480621016e-02,-4.689546053603037556e-01,1.756556522764555206e-01,-7.180435163126636100e-02,-3.150533659997316049e-01,5.396007097413912240e-02,1.667720790124990471e-01,7.544348699343024489e-02,5.772576892582101937e-01,6.667578312779246508e-01,0.000000000000000000e+00,3.130055205265320217e-01,-2.050581042640099161e-01,1.897982019116846719e-01,-1.169447103043026737e-01,-9.460385354089489995e-02,3.544459070900357611e-02,6.369053589226335577e-01,2.801850716715274525e-01,1.604179907068022937e-01,-8.107148847866377239e-02,-1.137574891862345450e-01,-7.214601333967473051e-01,-7.484185627434879473e-01,-3.653690922256332962e-01,-4.031265232728312720e-01,-3.677855393459779076e-01,-3.359075760354570100e-03,6.691374277607173848e-01,-1.803376791629608400e-01,-2.057638527426089436e-02,2.084301905845669933e-01,6.775622909366344482e-01,6.616165427089043538e-01,5.757562289655704379e-01,6.116999746656901493e-01,3.329052420018943637e-02,9.250877724190872953e-02,-3.650936929549994936e-01,-4.355039110815153158e-01,-6.565608020350208740e-01,-2.040949680901767149e-01,-5.110909302924391273e-01,-5.187187225870143470e-01,-1.053919180437359326e-01,-1.775250206683752496e-01,2.290027241287687365e-01,4.506591668939893269e-01,6.365218660628904068e-01,3.130055205265320217e-01,0.000000000000000000e+00,-3.087448441304109226e-01,2.987282310371507932e-01,5.966830531131350757e-02,1.027331905936792467e-01,4.179482327954889831e-01,3.754564116701576415e-01,2.271966959209962278e-01,5.029698979463925745e-01,3.386457688072545824e-02,1.284714336743000840e-01,-4.110548016428764440e-01,-3.360825640340887599e-01,-3.024263720161567970e-01,-3.233171920154935819e-01,-2.972114621180532157e-01,3.311035456069145733e-01,5.175400871641605560e-01,1.585385013299218937e-01,2.972126243211189456e-01,3.445407657246858379e-01,5.198540937049909161e-01,1.603313917615372952e-01,1.796773647063135138e-01,2.918592925069222743e-01,1.208233496224849629e-01,1.231158401263218044e-01,-1.019643187553179869e-02,1.675824753154949442e-01,-3.024960519520175084e-01,1.700174595382497877e-01,-1.393885813438403877e-02,-2.003392651026869031e-01,2.050263425533858375e-01,2.519835556712372582e-01,-4.274215415789210937e-01,-2.590594154422712347e-01,-3.552958942756572758e-01,-2.050581042640099161e-01,-3.087448441304109226e-01,0.000000000000000000e+00,-6.080688750574156920e-01,-1.031616097337805377e-01,-1.490843540443857751e-01,-2.049908815409841323e-01,-3.214485029638594060e-01,-3.683336340649429053e-01,-2.785303100978658852e-01,2.032243266271639356e-02,-4.742234330702337075e-02,2.931790172143954876e-01,1.600490179788382483e-01,4.134662609258195620e-01,5.061009069881790001e-01,3.713600903597615299e-01,-4.720752151776423933e-01,-5.207396829111835546e-01,-4.284971166499472739e-01,-6.380854279447344402e-01,-6.403826901203828470e-01,-2.566118619359964437e-01,-1.094989130589760912e-01,-1.305442979026372463e-01,-2.880297730887647623e-01,-7.905500848793806101e-02,-2.421629470192857292e-01,-2.056496785360880653e-01,-3.090791286728162279e-01,-1.420703648905594640e-01,-3.281263758132887398e-01,-3.894244238180183948e-01,-3.320685281173558212e-01,3.424018370730909644e-01,-2.194801810380295759e-01,4.592847087582306309e-01,9.311572364737683016e-02,5.665619249956490577e-01,1.897982019116846719e-01,2.987282310371507932e-01,-6.080688750574156920e-01,0.000000000000000000e+00,9.028593046742997008e-02,4.289253721898262928e-01,2.803091212758194173e-01,1.823260679767067238e-01,8.977050798918295715e-01,3.414669808789163041e-01,-9.534161898345407810e-03,1.073836653638265692e-01,-5.353652418732667284e-01,-1.766708853424223125e-01,-4.644326406671537288e-01,-4.873184996743236130e-01,-3.857958813256237574e-01,1.115052786005889640e+00,9.220426760160059798e-01,1.219424978225762457e+00,1.515189475541155462e+00,1.468966600045698234e+00,4.883604715037769273e-01,4.692154914053307535e-01,5.196362005051368138e-01,5.364009350645781993e-01,2.455333486724797509e-01,5.736867529265564647e-01,4.367921920627263477e-01,1.105155950076029514e+00,6.636984179240048576e-01,1.191557081058995049e+00,9.342232528585644458e-01,1.006420369925332237e+00,4.071406892679050871e-01,1.958501797475014627e-01,5.658552744571367921e-01,-1.441291145081811109e-01,-1.848388632053941938e-01,-1.169447103043026737e-01,5.966830531131350757e-02,-1.031616097337805377e-01,9.028593046742997008e-02,0.000000000000000000e+00,3.261806978270295199e-01,1.915337452102788829e-01,1.569570968210625139e-01,3.385110110945849238e-01,9.350427285362115926e-02,4.177415207433798350e-01,3.803187980459271089e-01,5.589446133522896210e-01,5.554922019636600039e-01,5.009227397570303886e-01,4.532794324158000987e-01,5.281822546280603436e-01,-6.041931387653040608e-02,-1.141831358804974439e-01,1.007891752263225804e-01,1.882731510799838526e-01,3.815652459096182531e-02,-1.141636376129334524e-01,2.135386768903408117e-01,1.257044252144806917e-01,2.662729063828515041e-01,5.101579692004331035e-01,3.300624396003979388e-01,4.518284036735043530e-01,1.541953223901728065e-01,3.785305882805893862e-01,2.835384121412176661e-01,1.358304160889216572e-01,4.191756853740513655e-01,3.097971396037789149e-01,-3.304715218509214798e-03,2.672337475896773840e-01,-1.257238642200600720e-01,1.123666095516172130e-02,-9.460385354089489995e-02,1.027331905936792467e-01,-1.490843540443857751e-01,4.289253721898262928e-01,3.261806978270295199e-01,0.000000000000000000e+00,2.306387460746620599e-01,1.387887315045908398e-01,2.200264544375464260e-01,1.677344879554669987e-01,2.468931169804835513e-01,2.870694454153653874e-01,-2.780490845904888542e-02,7.083030561144525172e-02,9.241482631578879989e-03,-4.083704241918632849e-02,3.459448896844099369e-02,5.380348918062620722e-01,3.091355803566936400e-01,5.946327960194447426e-01,4.821033097863373085e-01,3.673331445396698647e-01,1.711362913101365235e-01,3.101136212699686645e-01,3.570253648500276156e-01,1.717857309810159605e-01,3.906416613255166981e-01,3.417878693852235972e-01,3.369974148848846052e-01,6.156643656752103233e-01,3.315636263245582138e-01,4.748743310912344473e-01,2.199389491509028960e-01,3.986874970700959864e-01,-4.422903413324765637e-02,-1.604215809302567408e-01,1.020968083547992428e-01,2.080853141912355486e-01,3.925448587231682440e-01,3.544459070900357611e-02,4.179482327954889831e-01,-2.049908815409841323e-01,2.803091212758194173e-01,1.915337452102788829e-01,2.306387460746620599e-01,0.000000000000000000e+00,3.387101073182515187e-01,1.528542595693498929e-01,5.764693886722159766e-01,1.426919723405611073e-01,2.284760872386155106e-01,-2.677226561841606900e-01,-2.186279119261648196e-01,-2.633884780469858411e-01,-2.440610499988051241e-01,-2.182204160043478836e-01,3.067685735677050385e-01,3.074377484204498523e-01,2.435980516780427985e-01,2.483287989230365256e-01,3.242272094004410854e-01,3.461376148866147084e-01,4.373235783469522908e-02,1.128342076640628105e-01,1.755889567684436048e-01,1.565879526029667346e-01,1.049956664963297565e-01,3.759482931653105459e-02,1.996588106107639038e-01,-1.458104038421549065e-01,2.300215371987442969e-01,1.013432526144789902e-01,5.299238590099492746e-02,5.677958539100673267e-03,2.631691084181018159e-01,2.085846724827563337e-01,3.569281805404777019e-01,5.143103237990125365e-01,6.369053589226335577e-01,3.754564116701576415e-01,-3.214485029638594060e-01,1.823260679767067238e-01,1.569570968210625139e-01,1.387887315045908398e-01,3.387101073182515187e-01,0.000000000000000000e+00,2.283349655534136768e-01,4.120560383400323490e-01,5.149014177223319028e-02,2.851847814287548216e-02,-4.425075266799551876e-01,-4.823972571678541987e-01,-1.982646494588909958e-01,-3.658468140811563241e-01,-1.676917639842204211e-01,8.215826593147215751e-02,5.213632778120607103e-01,-6.399170975392190442e-04,7.609548850646265239e-02,2.513043635984037460e-01,6.089082792877513750e-01,4.952906901369651949e-01,3.790025343713465111e-01,6.986469040443474832e-01,2.458350300315550185e-01,1.757379482452906538e-01,-9.571379408411438694e-02,-2.492930662027894317e-01,-5.500124865634953286e-01,-4.060684020820903156e-02,-3.995172853298077364e-01,-3.941798672426272132e-01,4.666901244206870247e-01,1.316103613505542613e-01,3.630654861081317186e-01,1.049637962442188377e-01,3.429684403923822789e-01,2.801850716715274525e-01,2.271966959209962278e-01,-3.683336340649429053e-01,8.977050798918295715e-01,3.385110110945849238e-01,2.200264544375464260e-01,1.528542595693498929e-01,2.283349655534136768e-01,0.000000000000000000e+00,2.819634377892732968e-01,2.796443410472611024e-01,1.423389100651483163e-01,-6.557328694966253757e-02,1.048489153844705674e-01,-7.212731868289765091e-02,-1.780337110234836429e-01,-1.327202735622868592e-02,2.996100848745082423e-01,6.436739816918649604e-01,4.414836555180367550e-01,9.666278896682894972e-01,1.050764936157408513e+00,3.521474872915841270e-01,5.413490154136888499e-01,4.198013803255533083e-01,5.961062372156721301e-01,6.522092149379489223e-01,2.306915493426186237e-01,-6.220750269642978669e-03,6.241173504173721520e-01,5.418924634509383331e-01,8.590944027216109724e-01,5.332966339931779487e-01,5.740844851696308426e-01,-1.403757493465051520e-01,-1.631607753674740313e-01,-1.615827060209210908e-01,3.104130012488675594e-01,5.964519517663150472e-01,1.604179907068022937e-01,5.029698979463925745e-01,-2.785303100978658852e-01,3.414669808789163041e-01,9.350427285362115926e-02,1.677344879554669987e-01,5.764693886722159766e-01,4.120560383400323490e-01,2.819634377892732968e-01,0.000000000000000000e+00,1.663141444402194691e-01,2.604060962833710802e-01,-5.885495852493091151e-01,-5.251994413977907339e-01,-6.500549239153814440e-01,-5.962058983845817117e-01,-5.805532457076167940e-01,3.231540906993362050e-01,4.734986909914953856e-01,2.216133389291493616e-01,2.704736362349903778e-01,4.218841883459449882e-01,4.601175520944343900e-01,1.610105492265564986e-01,2.190282643552115549e-01,2.206634465539904499e-01,1.698332773649263716e-01,-1.571405248959631129e-01,-2.939473421200577974e-01,1.675390266890895707e-01,-2.163857705149611899e-01,2.478906850358452429e-01,1.192911041529376714e-01,-7.396243831507542943e-02,2.214626432071090945e-01,3.735444925856646215e-03,1.467888972859901497e-01,-1.092701447557487271e-01,-8.020021622844546172e-02,-8.107148847866377239e-02,3.386457688072545824e-02,2.032243266271639356e-02,-9.534161898345407810e-03,4.177415207433798350e-01,2.468931169804835513e-01,1.426919723405611073e-01,5.149014177223319028e-02,2.796443410472611024e-01,1.663141444402194691e-01,0.000000000000000000e+00,3.796941785981040596e-01,3.033530575335705026e-01,2.468138206505820775e-01,2.082751261082048111e-01,2.030122927269813471e-01,1.850509045827739840e-01,4.397149588004060222e-02,-1.025778507018479261e-03,6.109386229267597251e-02,-5.912202762062316111e-03,-4.903960970117036966e-02,-4.624233672527575806e-02,2.123142069787259389e-01,2.135939754437485849e-01,1.020692642357733521e-01,3.863022408371859506e-01,6.491032093708186054e-03,1.017108809349289850e-01,2.247118433001409898e-01,2.976219760706763084e-01,1.982616829909466805e-01,9.970568681055244631e-02,1.691427959788036894e-01,1.641261265829057070e-01,-5.238158292350609396e-02,2.050369543716643872e-01,3.295203526531449018e-02,-1.831521000008088512e-02,-1.137574891862345450e-01,1.284714336743000840e-01,-4.742234330702337075e-02,1.073836653638265692e-01,3.803187980459271089e-01,2.870694454153653874e-01,2.284760872386155106e-01,2.851847814287548216e-02,1.423389100651483163e-01,2.604060962833710802e-01,3.796941785981040596e-01,0.000000000000000000e+00,2.060602501120273322e-01,2.307956515922535978e-01,1.114464977330941603e-01,1.406859683385422999e-01,9.081540822132533330e-02,9.299734027920304735e-02,1.278267766065738394e-02,1.553877315322837460e-01,6.120667882575069052e-02,2.027182613787441301e-02,-4.264999865405100232e-02,1.219534693994234337e-01,1.159036534255359768e-01,7.008971949608863716e-02,2.538136962798293594e-01,4.144021692064652623e-02,2.082841856513120704e-01,2.441060924637748764e-01,2.480514540468409801e-01,1.909905643951625986e-01,1.368467099277071441e-01,2.129970810969009087e-01,3.355573939603880285e-01,2.853962584444011408e-01,6.891758036661758124e-01,-4.548782376862600119e-01,-9.247523606411376385e-01,-7.214601333967473051e-01,-4.110548016428764440e-01,2.931790172143954876e-01,-5.353652418732667284e-01,5.589446133522896210e-01,-2.780490845904888542e-02,-2.677226561841606900e-01,-4.425075266799551876e-01,-6.557328694966253757e-02,-5.885495852493091151e-01,3.033530575335705026e-01,2.060602501120273322e-01,0.000000000000000000e+00,1.671728755355073703e+00,1.468443818922112731e+00,1.364912333384186605e+00,1.373754702947872053e+00,-6.748792166577598506e-01,-9.798660981467558484e-01,-4.792074319264660875e-01,-3.641972206437168458e-01,-6.363488917922986987e-01,-9.484854843253575085e-01,-4.720268450967116669e-01,-6.449293451426396651e-01,-2.386241628643469559e-01,7.253055910545425089e-02,2.615167758699755707e-01,8.597789440644331149e-01,-8.760523705457923249e-02,5.160009109776801939e-01,-7.319576358040505437e-02,2.473363227482491544e-01,5.224657639307536128e-01,3.877236343930141049e-01,2.510848369572087901e-01,7.294193576394379930e-01,-3.847926989584328772e-01,-7.681022284576864978e-01,-7.484185627434879473e-01,-3.360825640340887599e-01,1.600490179788382483e-01,-1.766708853424223125e-01,5.554922019636600039e-01,7.083030561144525172e-02,-2.186279119261648196e-01,-4.823972571678541987e-01,1.048489153844705674e-01,-5.251994413977907339e-01,2.468138206505820775e-01,2.307956515922535978e-01,1.671728755355073703e+00,0.000000000000000000e+00,1.338827669852023838e+00,1.294653209525204574e+00,1.268002334192227964e+00,-4.533564901999895813e-01,-8.383243872710303135e-01,-2.299981471704522218e-01,-6.059149418741707066e-02,-3.344014192344125225e-01,-8.443396728447610800e-01,-4.323636459234290186e-01,-6.137897292624914236e-01,-1.742130316177611937e-01,7.107931756227116316e-02,3.776876263988079852e-01,1.021767620581709224e+00,1.396129590358797523e-01,6.531293786091133535e-01,1.490766529104992077e-01,4.924518695319661798e-01,7.399362889836484936e-01,4.909928186941519002e-01,4.133550581573137150e-01,8.373974605041502040e-01,-3.176686246819588888e-01,-6.990086827032482297e-01,-3.653690922256332962e-01,-3.024263720161567970e-01,4.134662609258195620e-01,-4.644326406671537288e-01,5.009227397570303886e-01,9.241482631578879989e-03,-2.633884780469858411e-01,-1.982646494588909958e-01,-7.212731868289765091e-02,-6.500549239153814440e-01,2.082751261082048111e-01,1.114464977330941603e-01,1.468443818922112731e+00,1.338827669852023838e+00,0.000000000000000000e+00,1.370923880410720219e+00,1.409472007103387714e+00,-5.322803526445105682e-01,-6.762941545210378047e-01,-3.511106569111153153e-01,-2.975438793974460872e-01,-5.938024507261303597e-01,-5.599568032356547764e-01,-1.978005042812489012e-01,-3.876931059817966263e-01,7.050596962165855963e-02,1.838510997442569239e-01,4.821216003182322574e-01,8.315780940167887270e-01,-1.084999471927704101e-01,3.314546718644982293e-01,-7.132688809921480799e-02,-1.029822820644544223e-01,3.213436856118486173e-01,4.090663725976628196e-01,3.065349065535619144e-01,6.711748058536317618e-01,-2.113605478996401776e-01,-6.302653778251467998e-01,-4.031265232728312720e-01,-3.233171920154935819e-01,5.061009069881790001e-01,-4.873184996743236130e-01,4.532794324158000987e-01,-4.083704241918632849e-02,-2.440610499988051241e-01,-3.658468140811563241e-01,-1.780337110234836429e-01,-5.962058983845817117e-01,2.030122927269813471e-01,1.406859683385422999e-01,1.364912333384186605e+00,1.294653209525204574e+00,1.370923880410720219e+00,0.000000000000000000e+00,1.313511551925058418e+00,-5.852703328473655153e-01,-7.698000212674498410e-01,-3.988539366121628960e-01,-4.308646645693262611e-01,-6.891667623505500773e-01,-5.717487368725229224e-01,-2.618320917307480067e-01,-4.419453164702121795e-01,-5.270352330969573645e-02,6.808116995845471531e-02,4.339830709315767865e-01,7.900921555933709817e-01,-2.393058556538087134e-01,3.055082684787848724e-01,-1.302823766638996072e-01,-1.508745471108612068e-02,3.886440917944223861e-01,5.312464657859375938e-01,4.574870186406652661e-01,8.503351581962965700e-01,-3.264177962879570294e-01,-6.825347839885836931e-01,-3.677855393459779076e-01,-2.972114621180532157e-01,3.713600903597615299e-01,-3.857958813256237574e-01,5.281822546280603436e-01,3.459448896844099369e-02,-2.182204160043478836e-01,-1.676917639842204211e-01,-1.327202735622868592e-02,-5.805532457076167940e-01,1.850509045827739840e-01,9.081540822132533330e-02,1.373754702947872053e+00,1.268002334192227964e+00,1.409472007103387714e+00,1.313511551925058418e+00,0.000000000000000000e+00,-5.100473065832090702e-01,-6.437405503010331653e-01,-2.581062295613543167e-01,-2.093611551785727609e-01,-5.320682684606066193e-01,-5.103837105977553357e-01,-1.461946511991805975e-01,-3.572323794835047805e-01,1.284357930685133820e-01,2.185875520069942290e-01,5.463852150499121096e-01,8.166458718945422968e-01,-1.036621368174799468e-01,3.374251412197246114e-01,1.808476492209739120e-02,-7.279845712212294762e-02,4.327038665397324180e-01,1.783209487932319592e-01,-4.106654492112158938e-01,2.893487843905278023e-01,-7.114073204630610991e-02,4.759724176993563871e-01,-3.359075760354570100e-03,3.311035456069145733e-01,-4.720752151776423933e-01,1.115052786005889640e+00,-6.041931387653040608e-02,5.380348918062620722e-01,3.067685735677050385e-01,8.215826593147215751e-02,2.996100848745082423e-01,3.231540906993362050e-01,4.397149588004060222e-02,9.299734027920304735e-02,-6.748792166577598506e-01,-4.533564901999895813e-01,-5.322803526445105682e-01,-5.852703328473655153e-01,-5.100473065832090702e-01,0.000000000000000000e+00,9.186320602402443525e-01,1.352929068177811889e+00,1.223310873491853412e+00,9.916407230493829994e-01,5.317495652582356902e-01,2.755405039701726011e-01,5.232530408115895204e-01,2.264364020722251791e-01,2.734330894815135138e-01,5.009645411529581871e-01,3.037091970395159879e-01,1.325372413780985692e+00,6.086949240090701041e-01,9.227657040360307539e-01,5.955743619366298258e-01,6.273332950443507583e-01,1.418168303380588080e-01,-1.465586081737548230e-01,2.433377276462195538e-01,3.855501005828076977e-01,8.206607510280096163e-01,6.691374277607173848e-01,5.175400871641605560e-01,-5.207396829111835546e-01,9.220426760160059798e-01,-1.141831358804974439e-01,3.091355803566936400e-01,3.074377484204498523e-01,5.213632778120607103e-01,6.436739816918649604e-01,4.734986909914953856e-01,-1.025778507018479261e-03,1.278267766065738394e-02,-9.798660981467558484e-01,-8.383243872710303135e-01,-6.762941545210378047e-01,-7.698000212674498410e-01,-6.437405503010331653e-01,9.186320602402443525e-01,0.000000000000000000e+00,7.908884712850572374e-01,9.330167711323238411e-01,9.886205992667818077e-01,8.840042015824933763e-01,6.425115786501544024e-01,7.193158150706027154e-01,6.490610337651301354e-01,3.101487955083515047e-01,2.693758089536927858e-01,-1.701168302370870689e-01,6.903294150413679109e-01,-2.824988219536287218e-02,6.412599183993257235e-01,1.383476444557472929e-01,1.423692986928373483e-01,3.607827867742325334e-01,-2.452215034920250669e-01,4.213733647282203454e-01,-2.456395075345966517e-01,2.229860768145959238e-01,-1.803376791629608400e-01,1.585385013299218937e-01,-4.284971166499472739e-01,1.219424978225762457e+00,1.007891752263225804e-01,5.946327960194447426e-01,2.435980516780427985e-01,-6.399170975392190442e-04,4.414836555180367550e-01,2.216133389291493616e-01,6.109386229267597251e-02,1.553877315322837460e-01,-4.792074319264660875e-01,-2.299981471704522218e-01,-3.511106569111153153e-01,-3.988539366121628960e-01,-2.581062295613543167e-01,1.352929068177811889e+00,7.908884712850572374e-01,0.000000000000000000e+00,1.413702310915664784e+00,1.085479364828459525e+00,3.726629251718286961e-01,2.828640168776327957e-01,4.734731250277051107e-01,2.850558963607087715e-01,4.012635826988986132e-01,5.871658953787187718e-01,3.998404988173218655e-01,1.444025824342371145e+00,9.012927915144900437e-01,1.186586391951413688e+00,7.161420961974924726e-01,9.827887674761998094e-01,4.569752418636103264e-01,-1.493879632256362444e-01,6.351119611226878625e-01,-1.346892989955399134e-01,3.800002682458608061e-01,-2.057638527426089436e-02,2.972126243211189456e-01,-6.380854279447344402e-01,1.515189475541155462e+00,1.882731510799838526e-01,4.821033097863373085e-01,2.483287989230365256e-01,7.609548850646265239e-02,9.666278896682894972e-01,2.704736362349903778e-01,-5.912202762062316111e-03,6.120667882575069052e-02,-3.641972206437168458e-01,-6.059149418741707066e-02,-2.975438793974460872e-01,-4.308646645693262611e-01,-2.093611551785727609e-01,1.223310873491853412e+00,9.330167711323238411e-01,1.413702310915664784e+00,0.000000000000000000e+00,1.558825006519737544e+00,4.235295881743879609e-01,3.580405482268469441e-01,4.156244736464773104e-01,4.751702504057866427e-01,4.837898650564960157e-01,5.817052876904975633e-01,4.230073241902320702e-01,1.476686467525741397e+00,9.734755727990309637e-01,1.382102362092024306e+00,9.587641246313801657e-01,1.121554686005546753e+00,2.186869182871365169e-01,-2.248981045406815982e-01,3.306791094440550971e-01,8.783667076771110860e-02,5.570161602504610787e-01,2.084301905845669933e-01,3.445407657246858379e-01,-6.403826901203828470e-01,1.468966600045698234e+00,3.815652459096182531e-02,3.673331445396698647e-01,3.242272094004410854e-01,2.513043635984037460e-01,1.050764936157408513e+00,4.218841883459449882e-01,-4.903960970117036966e-02,2.027182613787441301e-02,-6.363488917922986987e-01,-3.344014192344125225e-01,-5.938024507261303597e-01,-6.891667623505500773e-01,-5.320682684606066193e-01,9.916407230493829994e-01,9.886205992667818077e-01,1.085479364828459525e+00,1.558825006519737544e+00,0.000000000000000000e+00,5.498591153452512259e-01,4.406537401516373298e-01,4.354901938130708583e-01,5.007484469084350076e-01,3.219992310320626827e-01,3.412359796222799724e-01,1.601654909891869760e-01,1.101883992468738693e+00,5.838088295638130809e-01,1.160294214039285121e+00,9.246167862896031986e-01,8.430107112076791198e-01,-1.043572311097429837e-02,-4.898579981758532931e-02,5.881704544582925381e-02,4.918215264223693151e-01,8.182648688208935539e-01,6.775622909366344482e-01,5.198540937049909161e-01,-2.566118619359964437e-01,4.883604715037769273e-01,-1.141636376129334524e-01,1.711362913101365235e-01,3.461376148866147084e-01,6.089082792877513750e-01,3.521474872915841270e-01,4.601175520944343900e-01,-4.624233672527575806e-02,-4.264999865405100232e-02,-9.484854843253575085e-01,-8.443396728447610800e-01,-5.599568032356547764e-01,-5.717487368725229224e-01,-5.103837105977553357e-01,5.317495652582356902e-01,8.840042015824933763e-01,3.726629251718286961e-01,4.235295881743879609e-01,5.498591153452512259e-01,0.000000000000000000e+00,5.558199781143580154e-01,5.565733805108786791e-01,5.538608712194722505e-01,2.378079646175811634e-01,1.834198066411851791e-01,-2.951649846669472943e-01,1.507059496456505387e-01,-4.167653230869527436e-01,2.103706075513638585e-01,-2.833984397065476002e-01,-3.337167983007552352e-01,4.297653355543146758e-01,2.079628191811055959e-01,1.783395825988770833e-01,1.787878375529905473e-01,3.579643203947082686e-01,6.616165427089043538e-01,1.603313917615372952e-01,-1.094989130589760912e-01,4.692154914053307535e-01,2.135386768903408117e-01,3.101136212699686645e-01,4.373235783469522908e-02,4.952906901369651949e-01,5.413490154136888499e-01,1.610105492265564986e-01,2.123142069787259389e-01,1.219534693994234337e-01,-4.720268450967116669e-01,-4.323636459234290186e-01,-1.978005042812489012e-01,-2.618320917307480067e-01,-1.461946511991805975e-01,2.755405039701726011e-01,6.425115786501544024e-01,2.828640168776327957e-01,3.580405482268469441e-01,4.406537401516373298e-01,5.558199781143580154e-01,0.000000000000000000e+00,7.546096776546280527e-01,6.089256842124771696e-01,4.038091851366131246e-01,2.450916829706555333e-01,-8.601759868172828560e-02,1.380710544042751120e-01,-9.568569866332946039e-02,2.906214311667068007e-01,-1.732297373315669076e-01,-1.371136958305157680e-02,3.303728526736683380e-01,9.541594675462088115e-02,4.916099365675222904e-02,1.009074014046479756e-01,4.111343807867401945e-01,5.757562289655704379e-01,1.796773647063135138e-01,-1.305442979026372463e-01,5.196362005051368138e-01,1.257044252144806917e-01,3.570253648500276156e-01,1.128342076640628105e-01,3.790025343713465111e-01,4.198013803255533083e-01,2.190282643552115549e-01,2.135939754437485849e-01,1.159036534255359768e-01,-6.449293451426396651e-01,-6.137897292624914236e-01,-3.876931059817966263e-01,-4.419453164702121795e-01,-3.572323794835047805e-01,5.232530408115895204e-01,7.193158150706027154e-01,4.734731250277051107e-01,4.156244736464773104e-01,4.354901938130708583e-01,5.565733805108786791e-01,7.546096776546280527e-01,0.000000000000000000e+00,4.583378459997579646e-01,3.685471147767089284e-01,2.073452296755960711e-01,-1.962842320213461222e-01,3.090009126461426558e-01,-1.993563096482240532e-02,3.686313076343742390e-01,-1.790151829400723205e-01,-2.412909865755983457e-02,3.558114811972436509e-01,3.371817867809971947e-01,5.739924381171819245e-01,2.551992073604569811e-01,4.630990437083642441e-01,6.116999746656901493e-01,2.918592925069222743e-01,-2.880297730887647623e-01,5.364009350645781993e-01,2.662729063828515041e-01,1.717857309810159605e-01,1.755889567684436048e-01,6.986469040443474832e-01,5.961062372156721301e-01,2.206634465539904499e-01,1.020692642357733521e-01,7.008971949608863716e-02,-2.386241628643469559e-01,-1.742130316177611937e-01,7.050596962165855963e-02,-5.270352330969573645e-02,1.284357930685133820e-01,2.264364020722251791e-01,6.490610337651301354e-01,2.850558963607087715e-01,4.751702504057866427e-01,5.007484469084350076e-01,5.538608712194722505e-01,6.089256842124771696e-01,4.583378459997579646e-01,0.000000000000000000e+00,3.939927050047954404e-01,4.329197900176811609e-01,1.778337667047679704e-01,1.017339898895650019e-01,-7.166852699678664951e-02,3.914567009731541591e-01,-7.094978485843753124e-02,1.965930016941896674e-01,4.215939705448416008e-01,1.841373472636905484e-01,3.609169608251769912e-01,-1.628609556949398018e-01,4.222249373672781921e-03,3.329052420018943637e-02,1.208233496224849629e-01,-7.905500848793806101e-02,2.455333486724797509e-01,5.101579692004331035e-01,3.906416613255166981e-01,1.565879526029667346e-01,2.458350300315550185e-01,6.522092149379489223e-01,1.698332773649263716e-01,3.863022408371859506e-01,2.538136962798293594e-01,7.253055910545425089e-02,7.107931756227116316e-02,1.838510997442569239e-01,6.808116995845471531e-02,2.185875520069942290e-01,2.734330894815135138e-01,3.101487955083515047e-01,4.012635826988986132e-01,4.837898650564960157e-01,3.219992310320626827e-01,2.378079646175811634e-01,4.038091851366131246e-01,3.685471147767089284e-01,3.939927050047954404e-01,0.000000000000000000e+00,2.392878176752149255e-01,5.582554021534286842e-02,4.820964804831326944e-01,4.876883886190554462e-01,4.779077521313884191e-01,5.364923972526328827e-02,3.066840561934821019e-01,4.026316075751175672e-01,5.357700786742434357e-02,9.002642236931782671e-01,3.082954667488529629e-02,5.936072101393235351e-02,9.250877724190872953e-02,1.231158401263218044e-01,-2.421629470192857292e-01,5.736867529265564647e-01,3.300624396003979388e-01,3.417878693852235972e-01,1.049956664963297565e-01,1.757379482452906538e-01,2.306915493426186237e-01,-1.571405248959631129e-01,6.491032093708186054e-03,4.144021692064652623e-02,2.615167758699755707e-01,3.776876263988079852e-01,4.821216003182322574e-01,4.339830709315767865e-01,5.463852150499121096e-01,5.009645411529581871e-01,2.693758089536927858e-01,5.871658953787187718e-01,5.817052876904975633e-01,3.412359796222799724e-01,1.834198066411851791e-01,2.450916829706555333e-01,2.073452296755960711e-01,4.329197900176811609e-01,2.392878176752149255e-01,0.000000000000000000e+00,8.136046343387965951e-01,4.041855108796732488e-01,2.955119955398718412e-01,4.740567159183823320e-01,2.465839782483637832e-01,6.428116463789786961e-01,3.379485301740796088e-01,-5.723790064702597574e-02,9.789401518826040816e-01,-1.509807033852764990e-01,-2.757558674861415593e-01,-3.650936929549994936e-01,-1.019643187553179869e-02,-2.056496785360880653e-01,4.367921920627263477e-01,4.518284036735043530e-01,3.369974148848846052e-01,3.759482931653105459e-02,-9.571379408411438694e-02,-6.220750269642978669e-03,-2.939473421200577974e-01,1.017108809349289850e-01,2.082841856513120704e-01,8.597789440644331149e-01,1.021767620581709224e+00,8.315780940167887270e-01,7.900921555933709817e-01,8.166458718945422968e-01,3.037091970395159879e-01,-1.701168302370870689e-01,3.998404988173218655e-01,4.230073241902320702e-01,1.601654909891869760e-01,-2.951649846669472943e-01,-8.601759868172828560e-02,-1.962842320213461222e-01,1.778337667047679704e-01,5.582554021534286842e-02,8.136046343387965951e-01,0.000000000000000000e+00,4.396934941438875866e-01,5.388300050609484693e-01,3.984296378213731948e-01,6.122609427310323760e-01,8.852654713581968871e-01,5.252887657496816409e-01,-2.317825281746725974e-01,4.148943027882260881e-01,-4.177077816967841861e-01,7.027984859480621016e-02,-4.355039110815153158e-01,1.675824753154949442e-01,-3.090791286728162279e-01,1.105155950076029514e+00,1.541953223901728065e-01,6.156643656752103233e-01,1.996588106107639038e-01,-2.492930662027894317e-01,6.241173504173721520e-01,1.675390266890895707e-01,2.247118433001409898e-01,2.441060924637748764e-01,-8.760523705457923249e-02,1.396129590358797523e-01,-1.084999471927704101e-01,-2.393058556538087134e-01,-1.036621368174799468e-01,1.325372413780985692e+00,6.903294150413679109e-01,1.444025824342371145e+00,1.476686467525741397e+00,1.101883992468738693e+00,1.507059496456505387e-01,1.380710544042751120e-01,3.090009126461426558e-01,1.017339898895650019e-01,4.820964804831326944e-01,4.041855108796732488e-01,4.396934941438875866e-01,0.000000000000000000e+00,1.137805451973647131e+00,1.314305397282287791e+00,8.878088318253437583e-01,9.762936905877984683e-01,4.482980806208475832e-01,-1.141874892949846371e-01,4.202686864419137858e-01,-6.325820156832210328e-01,-4.689546053603037556e-01,-6.565608020350208740e-01,-3.024960519520175084e-01,-1.420703648905594640e-01,6.636984179240048576e-01,3.785305882805893862e-01,3.315636263245582138e-01,-1.458104038421549065e-01,-5.500124865634953286e-01,5.418924634509383331e-01,-2.163857705149611899e-01,2.976219760706763084e-01,2.480514540468409801e-01,5.160009109776801939e-01,6.531293786091133535e-01,3.314546718644982293e-01,3.055082684787848724e-01,3.374251412197246114e-01,6.086949240090701041e-01,-2.824988219536287218e-02,9.012927915144900437e-01,9.734755727990309637e-01,5.838088295638130809e-01,-4.167653230869527436e-01,-9.568569866332946039e-02,-1.993563096482240532e-02,-7.166852699678664951e-02,4.876883886190554462e-01,2.955119955398718412e-01,5.388300050609484693e-01,1.137805451973647131e+00,0.000000000000000000e+00,9.110380158897078973e-01,9.148846163741007897e-01,1.207206043418057595e+00,4.920373529377739530e-01,-8.534951133866393314e-02,5.090789449574949499e-01,-2.351283237847581753e-01,1.756556522764555206e-01,-2.040949680901767149e-01,1.700174595382497877e-01,-3.281263758132887398e-01,1.191557081058995049e+00,2.835384121412176661e-01,4.748743310912344473e-01,2.300215371987442969e-01,-4.060684020820903156e-02,8.590944027216109724e-01,2.478906850358452429e-01,1.982616829909466805e-01,1.909905643951625986e-01,-7.319576358040505437e-02,1.490766529104992077e-01,-7.132688809921480799e-02,-1.302823766638996072e-01,1.808476492209739120e-02,9.227657040360307539e-01,6.412599183993257235e-01,1.186586391951413688e+00,1.382102362092024306e+00,1.160294214039285121e+00,2.103706075513638585e-01,2.906214311667068007e-01,3.686313076343742390e-01,3.914567009731541591e-01,4.779077521313884191e-01,4.740567159183823320e-01,3.984296378213731948e-01,1.314305397282287791e+00,9.110380158897078973e-01,0.000000000000000000e+00,8.985446409220255726e-01,1.093620796402332562e+00,2.895380337650099375e-02,-5.040309211978504234e-01,2.949189780071808653e-01,-2.103548965970759854e-01,-7.180435163126636100e-02,-5.110909302924391273e-01,-1.393885813438403877e-02,-3.894244238180183948e-01,9.342232528585644458e-01,1.358304160889216572e-01,2.199389491509028960e-01,1.013432526144789902e-01,-3.995172853298077364e-01,5.332966339931779487e-01,1.192911041529376714e-01,9.970568681055244631e-02,1.368467099277071441e-01,2.473363227482491544e-01,4.924518695319661798e-01,-1.029822820644544223e-01,-1.508745471108612068e-02,-7.279845712212294762e-02,5.955743619366298258e-01,1.383476444557472929e-01,7.161420961974924726e-01,9.587641246313801657e-01,9.246167862896031986e-01,-2.833984397065476002e-01,-1.732297373315669076e-01,-1.790151829400723205e-01,-7.094978485843753124e-02,5.364923972526328827e-02,2.465839782483637832e-01,6.122609427310323760e-01,8.878088318253437583e-01,9.148846163741007897e-01,8.985446409220255726e-01,0.000000000000000000e+00,1.288884821894715538e+00,4.420114950955039146e-01,-1.880222849431753551e-01,7.483114585250001394e-01,-3.971309033688128487e-01,-3.150533659997316049e-01,-5.187187225870143470e-01,-2.003392651026869031e-01,-3.320685281173558212e-01,1.006420369925332237e+00,4.191756853740513655e-01,3.986874970700959864e-01,5.299238590099492746e-02,-3.941798672426272132e-01,5.740844851696308426e-01,-7.396243831507542943e-02,1.691427959788036894e-01,2.129970810969009087e-01,5.224657639307536128e-01,7.399362889836484936e-01,3.213436856118486173e-01,3.886440917944223861e-01,4.327038665397324180e-01,6.273332950443507583e-01,1.423692986928373483e-01,9.827887674761998094e-01,1.121554686005546753e+00,8.430107112076791198e-01,-3.337167983007552352e-01,-1.371136958305157680e-02,-2.412909865755983457e-02,1.965930016941896674e-01,3.066840561934821019e-01,6.428116463789786961e-01,8.852654713581968871e-01,9.762936905877984683e-01,1.207206043418057595e+00,1.093620796402332562e+00,1.288884821894715538e+00,0.000000000000000000e+00
