6.054807422005321627e-01,-3.171759586952686005e-01,9.150001578360932308e-01,1.819542082375673886e-01,6.582615846453977460e-01,5.345544314073551462e-01,4.402885535685241436e-01,-6.689150917003015839e-02,-4.164078816775716382e-03,6.671558803318552444e-01,5.071944144573862223e-01,8.766276406001749510e-01,2.168318952808701294e-01,-1.038861774099572310e-01,7.138128560621364027e-01,9.291343262509150769e-01,8.252249710097736557e-01,1.364012681750557565e+00,8.724026894599108406e-01,1.324952647606315814e+00,7.738205728406664097e-01,1.345376576050917095e+00,3.479069829095911004e-01,-5.896212773251496841e-01,7.244172141946790822e-01,7.064163132585011828e-01,-5.380010021494172623e-01,2.135516136983059143e-01,9.207629615372461274e-01,3.587140966502816997e-01,8.648044116139733117e-02,5.501992689639600975e-01,1.073442825498725606e+00,2.871001944916172222e-01,-2.198956555518392086e-01,2.952617101783416298e-01,8.414793323745362041e-02,2.475434880203201127e-01,-5.852350048635261703e-02
1.032996527585665181e+00,-3.255539896168130332e-01,1.054730639900676836e+00,-7.206053500319946348e-02,6.534965844658653378e-01,8.251229041839565070e-01,4.219626065152453642e-01,1.880022276029801043e-01,-9.522384814505537032e-02,7.065731144136395692e-01,7.738238709580815833e-01,8.475880470041720072e-01,1.980952964238192615e-01,4.373479249382394157e-02,5.671827269451212850e-01,1.020768898369659006e+00,5.697855460565283137e-01,1.507622622101161491e+00,6.778296751535077824e-01,1.988237046337541392e+00,1.160462790947661471e+00,2.243418696461215500e+00,4.789180299923299078e-01,-6.144820790636492669e-01,9.472149548154206178e-01,1.288373024856344973e+00,-5.778780564651139207e-01,5.747612269849770028e-01,9.924993083480916356e-01,6.894598055389983271e-01,-8.070563294041645241e-02,2.068786633588052815e-01,1.086368304284663910e+00,5.024088963969030042e-01,-9.487351988592190866e-02,6.270032364179017881e-01,-4.849540183186524245e-01,-4.262032230289717893e-01,-5.397052718137307359e-01
1.065015112002781761e+00,-1.746751761775859613e-01,9.346361414249182431e-01,-3.014073902353561207e-01,2.223829488508767827e-01,1.013835158283810767e+00,4.103003706103097031e-02,6.553917598161222990e-01,-1.669152652811164705e-01,4.116928225637572214e-01,7.138297917903116963e-01,4.241141727839864428e-01,-1.682824595028479531e-01,3.797340617118604711e-01,9.952430140126403146e-02,6.151024582770601157e-01,1.158538036671612204e-01,9.361579871480356640e-01,-6.369433039504249217e-02,2.250457192683922969e+00,1.126205558275866103e+00,2.638025940299538963e+00,5.910359149553540137e-01,-3.833997135193979999e-01,9.802626642455392059e-01,1.456694484773768616e+00,-1.750433053779961931e-02,8.537275472057592740e-01,6.436945163418722471e-01,7.909015707559073904e-01,-1.999155949781205865e-01,-8.328897957811598474e-02,6.506344123856799833e-01,4.642017602044993252e-01,1.515679545743289502e-01,9.871113925878949313e-01,-9.983949512877460242e-01,-1.309759070876325149e+00,-9.157391049523546656e-01
7.070657032273868214e-01,-5.480444857518767393e-02,6.160870832751279558e-01,-3.001050489921995301e-01,-3.583513991405428700e-01,1.022720059250641578e+00,-4.016992192379346127e-01,1.097017469666061285e+00,2.769667895854615106e-02,-1.728252137387089049e-01,2.193990114205069952e-01,-1.055062551957062084e-01,-7.561923882859417079e-01,6.486232353347970436e-01,-4.303872832392183767e-01,-9.983695534272354899e-02,-3.642523257452721652e-01,-1.403935937878122986e-01,-9.621224123849962950e-01,1.965907092791892907e+00,6.433213620387070453e-01,2.238274202201792296e+00,5.595569401976652202e-01,-9.905375550699696552e-02,8.473104002258796674e-01,9.655182071446136716e-01,7.048060871416191864e-01,7.844684013223888197e-01,-5.773692350708776316e-02,6.260251813754300620e-01,-2.340848117941236040e-01,-1.988110836331085651e-01,1.520800535359660977e-01,2.843855837068651748e-01,3.993493167701591129e-01,1.224154351115319894e+00,-1.157787936019960107e+00,-1.748112483229365965e+00,-8.437969525452118091e-01
2.472531335571615529e-01,-1.947198953284171308e-01,2.121263714211091833e-01,-5.434414426903298734e-02,-6.751452328356950527e-01,8.431155551014481997e-01,-5.087377100218209991e-01,1.220895364856572796e+00,6.319862983569323189e-01,-8.502664185825792309e-01,-5.635484300783712985e-01,-4.087528058761363825e-01,-1.313270597010325558e+00,5.555179056018316741e-01,-7.249531801924431473e-01,-7.418178041600679284e-01,-7.162293287960996846e-01,-1.190994276807344265e+00,-1.470321877495377461e+00,1.252499909165318392e+00,-4.550014923105655251e-02,1.200385849535031690e+00,3.343227381514278229e-01,2.293736300142219103e-02,6.095229070746547295e-01,1.188903529202289117e-02,9.691492199008520103e-01,3.040675434808046140e-01,-8.153654143693568335e-01,3.231454705106557856e-01,-2.810960429411792361e-01,-1.986695648949659554e-01,2.061100295065601204e-02,1.701315538447537301e-01,5.636006747595320165e-01,1.192531252927869101e+00,-8.871907548037260005e-01,-1.260090681893066611e+00,-1.763744785060933351e-01
4.581069344920648406e-02,-6.402399248282097943e-01,-1.716718917286648716e-01,2.560777218832059332e-01,-4.863085710968036435e-01,5.345355730837660913e-01,-1.056088163204824404e-01,8.983222643246212558e-01,1.472223770538411358e+00,-1.353832607580912395e+00,-1.288043681436940258e+00,-3.589187418219811354e-01,-1.623501521250620749e+00,1.560583207169477515e-02,-6.838780687567287409e-01,-9.980543402866390856e-01,-8.651562018439572510e-01,-1.699836977369774349e+00,-1.271747933085986215e+00,4.194932551141177801e-01,-6.096524223958981192e-01,5.577544844040008970e-02,1.944649805092455927e-02,-7.510746827397120351e-02,3.466831712722722725e-01,-8.614373706773016393e-01,4.959656204142973146e-01,-3.619355952534131782e-01,-1.271372650522044401e+00,5.767564349705597837e-02,-4.723733735689160662e-01,-2.268327924777816251e-01,3.628158732423589217e-01,2.250034053181672877e-01,6.230059347189321750e-01,8.637921408100217580e-01,-3.765856597009759055e-01,5.601006786416126010e-02,8.893056161810988236e-01
2.301865663409126683e-01,-1.150521359939160826e+00,-4.681989057048631109e-01,4.159587529257421923e-01,8.143975396320342341e-02,1.797324524014511926e-01,5.825013977057513781e-01,2.645461243077306679e-01,2.069834137260562201e+00,-1.474445804088827972e+00,-1.622557160694704015e+00,-1.201179220499626610e-01,-1.591281522684989236e+00,-7.317292885275546999e-01,-4.827692505466282813e-01,-8.434248912461015379e-01,-8.265899520857324934e-01,-1.497551936985766163e+00,-5.187523665375529669e-01,-2.180374219092739430e-01,-8.628574588329327444e-01,-6.478019421196412608e-01,-1.996758587025876386e-01,-2.750679744664302762e-01,1.255418810954517517e-01,-1.167151291890993869e+00,-4.073301993098389917e-01,-8.563704205773999822e-01,-1.243353638208002598e+00,-9.147588485962189486e-02,-7.936955027737421231e-01,-3.491012579106259062e-01,8.439541049280279150e-01,3.615368465050401992e-01,5.717741052259888157e-01,3.611786415513067450e-01,7.422795987402791562e-02,1.513894177374579542e+00,1.863417136159021936e+00
5.519699798513169053e-01,-1.329881045697532516e+00,-6.534857498225676853e-01,3.452547436368235689e-01,5.999621326693649337e-01,-1.661666750752339994e-01,1.049737405393219136e+00,-3.802125326680619866e-01,1.927784306152196647e+00,-1.174784652178234357e+00,-1.486631440802992143e+00,-1.486433646556550858e-02,-1.236785408964091504e+00,-1.261159364735888966e+00,-4.298453769787617951e-01,-5.534252969833339808e-01,-6.906608025207403578e-01,-8.506401228675573023e-01,2.641468595963237798e-01,-5.059533168753150845e-01,-8.646087885720906696e-01,-7.225981903277345353e-01,-2.283554601534119322e-01,-4.235878329158244693e-01,-4.216063161053138636e-02,-8.582833860125964609e-01,-1.086868481470559367e+00,-9.728856837621435716e-01,-8.587719092872428961e-01,-1.962217599897755349e-01,-1.019283763052590830e+00,-4.805626609060696941e-01,9.336657610340812763e-01,3.925513936251092684e-01,3.690833882762479257e-01,-1.209567198557345430e-01,2.739099054418820955e-01,2.262500383790758463e+00,2.216779370102229585e+00
5.585920489654196963e-01,-9.208678208682384847e-01,-7.381909029168302050e-01,1.383045826547780188e-01,6.319733897349713025e-01,-4.871896419440337467e-01,8.564293225045632729e-01,-7.831150727047916371e-01,9.085649569479483656e-01,-6.176437295203631717e-01,-1.114492680985747386e+00,-2.749916162095896177e-01,-6.690772394070384488e-01,-1.261634760654822163e+00,-7.085567872841407322e-01,-4.935605571350238918e-01,-5.877131531849709711e-01,-2.503590064855491515e-01,5.486766848004018815e-01,-4.934517770581035578e-01,-8.230431610272092025e-01,-4.388150847032659674e-01,-1.646337622965675096e-01,-4.866288727472706244e-01,-2.117942937468280662e-01,-3.642135331220744954e-01,-1.064275518170120893e+00,-8.180407221525917150e-01,-4.714461048022868805e-01,-4.007289002213139106e-01,-8.637365159893957145e-01,-4.675699053027290164e-01,3.354870248560336554e-01,2.063985554903833564e-01,-3.201478665345541819e-02,-4.486960545317885130e-01,2.435261324597174371e-01,1.848278019850625009e+00,1.699058453528279333e+00
-2.669422293522254533e-02,-3.338210770744111378e-02,-7.521038617660091852e-01,-4.260843822504561951e-02,4.597172489518713823e-02,-7.679744369835040940e-01,-4.196573135443035923e-02,-8.862536524443990205e-01,-5.859562323806360995e-01,-7.502457460712114168e-02,-8.705972695661190475e-01,-8.512692919400561831e-01,-7.293639144621887060e-02,-7.624663182460020838e-01,-1.203996477670706611e+00,-8.303993484987917117e-01,-6.243289371220944739e-01,-6.507735732415914631e-02,1.728720845086857139e-01,-3.474997076056420275e-01,-8.928468854688542677e-01,-2.702778322359167817e-01,-2.112220635254510592e-01,-5.622063447514566992e-01,-4.527995068044641247e-01,-2.286555008719774185e-01,-4.007346017658582893e-01,-6.967334512231608823e-01,-4.038659865393463000e-01,-7.699759247304566179e-01,-2.448521969645601759e-01,-2.404677802031044975e-01,-7.379957686918117155e-01,-1.326038899794933779e-01,-5.837837732951185465e-01,-6.180777646959932925e-01,1.422097919128347265e-01,5.145888671974769846e-01,5.184540057747403230e-01
-1.023909468459070826e+00,8.865430374155184312e-01,-7.240946394692742150e-01,-1.061715443904931305e-01,-8.716085594409376247e-01,-9.455776794749183312e-01,-1.227875454962351176e+00,-7.985368584683416593e-01,-1.804000265610536946e+00,2.335418472625375164e-01,-9.445802635534105152e-01,-1.415914268829306266e+00,3.270088008180787598e-01,-9.967068832988096316e-02,-1.553459321874621324e+00,-1.378632982633377413e+00,-8.002961335438457668e-01,-3.140489166446318037e-01,-5.603693434165871734e-01,-2.252152200046328434e-01,-1.039455696401373697e+00,-5.014858613474894034e-01,-4.600585698755100816e-01,-7.370379953011098051e-01,-7.578812460957803365e-01,-6.446284676203054564e-01,3.895695093648709473e-01,-8.105569971953030528e-01,-7.017587588655439523e-01,-1.187104807919198590e+00,5.820026991807084604e-01,1.096200811581503204e-01,-1.673232695961976324e+00,-4.389594523269064741e-01,-1.079173155686115937e+00,-7.052907920272857289e-01,1.067473132758937904e-01,-9.710794919725822538e-01,-7.572803378112825667e-01
-1.873017659817096447e+00,1.345210442238187643e+00,-6.672855864649810398e-01,-7.908377239776739898e-02,-1.595453229680637852e+00,-9.125073599473334518e-01,-2.075849019296917675e+00,-6.438308318798644514e-01,-2.106421580425606788e+00,2.605819162548129175e-01,-1.174066829038293625e+00,-1.567237136294688638e+00,3.662778863005088925e-01,3.495798287580696440e-01,-1.398075727201822938e+00,-1.712586290568005376e+00,-9.654211838771976639e-01,-7.141405670341774981e-01,-1.124021747204518640e+00,-1.991647686501954728e-01,-1.076304888825508677e+00,-1.017880863183003193e+00,-7.563548447023903387e-01,-9.342839699490573802e-01,-1.001273855920307376e+00,-1.282740216959757484e+00,7.808674851173151854e-01,-1.042452909881434575e+00,-1.092434412031342728e+00,-1.394155238635588656e+00,1.167395247254528146e+00,4.010891089498075934e-01,-1.881907162975748449e+00,-5.590531496434494318e-01,-1.231259455629466260e+00,-7.528243622157985149e-01,1.565665307372384185e-01,-1.827465484639558158e+00,-1.542235811810207080e+00
-2.041616849426833635e+00,1.134043167847828659e+00,-5.826494332929371689e-01,-3.906500926149648889e-02,-1.714925403748288613e+00,-5.934589978668854959e-01,-2.154164161200283978e+00,-4.445899570759668240e-01,-1.391086622117435390e+00,1.168046273193205781e-01,-1.159981028251838353e+00,-1.110639437703873744e+00,6.409897372527714743e-02,4.414686666756146294e-01,-6.600214218406020850e-01,-1.477649980286313891e+00,-8.833108132608910035e-01,-9.338875894962436197e-01,-1.158296126145860416e+00,-2.658723795957216862e-01,-8.349566003603083875e-01,-1.437914703273084127e+00,-8.002761109613500956e-01,-9.224478727225670083e-01,-1.012069544814174993e+00,-1.566932903664840060e+00,6.467616777668854233e-01,-1.042603391369601562e+00,-1.189006826881510825e+00,-1.167481362575724546e+00,1.193493384155973613e+00,5.120999766335858627e-01,-1.231662891902801649e+00,-4.913027855808523303e-01,-8.811613761483705343e-01,-7.102553016146947451e-01,2.332416269378955742e-01,-1.739524904561541074e+00,-1.599835473847045497e+00
-1.446195349304263855e+00,4.521624146185474480e-01,-4.791707143937499191e-01,-1.987729575897038622e-02,-1.214576608915943767e+00,-4.509376061414166470e-02,-1.491375951069103811e+00,-1.536446655723567034e-01,-1.750520859223165804e-01,-5.987569254647847478e-02,-5.999497090629810625e-01,-2.254782047083770391e-01,-3.424014955392301052e-01,3.218517651043966699e-01,3.607578306133083501e-01,-6.744320719135512565e-01,-3.972300306527124514e-01,-8.378484642090719969e-01,-7.142536797337081245e-01,-3.960929960246498682e-01,-3.220429143532549943e-01,-1.453823362403051433e+00,-4.261654324374774538e-01,-5.080265470439350173e-01,-7.249274179314698641e-01,-1.167840442990565331e+00,3.051037030338731859e-01,-5.630398838414237828e-01,-7.900539100670908033e-01,-5.088868104494641553e-01,7.109371376565862821e-01,4.722062554555885305e-01,-1.586880281618477662e-01,-3.826296499269270512e-01,-1.758038117380439636e-01,-4.977685287372933254e-01,3.066998281647753122e-01,-9.853028962140537583e-01,-1.175490430841531486e+00
-5.319404655290235207e-01,-2.686117479547922571e-01,-3.863389133930670849e-01,1.320031841005969014e-02,-4.756722296267826278e-01,5.147842182026555191e-01,-5.232262219654627566e-01,2.077001946613203365e-01,7.358660073542071522e-01,-2.296735723997122280e-01,4.308108555177135313e-01,6.170416456679195250e-01,-5.255086305597526097e-01,2.312450901459927877e-01,1.157251177220650851e+00,3.110973760754579542e-01,4.113595642887571402e-01,-5.357817147252237344e-01,-1.717074705259079015e-01,-5.677673413274431091e-01,2.646234837304484167e-01,-1.080755343847997985e+00,1.907073314937206554e-01,2.509715614362572622e-01,-2.767972287766843342e-01,-2.921674473079389767e-01,1.885310632858004931e-01,2.543558414980159887e-01,-4.375315783580344120e-02,2.991373690820399722e-01,8.171569599328033784e-02,4.145595490704205299e-01,6.244584819736151982e-01,-4.149930109330215999e-01,4.622785242088910396e-01,-1.379704141676784679e-01,4.211701104505689575e-01,-1.605824862668031316e-01,-7.842262040101907195e-01
7.372273405751531006e-02,-6.855845548094168240e-01,-3.344538734812790848e-01,1.030871561877558518e-01,1.169148819615498276e-02,8.045040843625637095e-01,2.319165140073609355e-01,4.615171513989073104e-01,7.685793079367584379e-01,-4.474196204137964594e-01,1.495501606289069363e+00,9.599659118977044159e-01,-2.884520554223031219e-01,2.476318651244202307e-01,1.349725216218702117e+00,9.753877492665615767e-01,1.213703165912485948e+00,-2.284576620250323153e-01,9.175909574293013293e-02,-7.617922398820979879e-01,6.683385396306754656e-01,-6.109620275714386928e-01,6.178831619145139786e-01,1.018683725173582300e+00,6.127897461900318893e-02,4.810367097988508256e-01,4.440598243383130361e-01,9.194086113759161183e-01,6.527754751714354153e-01,8.423100141913745231e-01,-3.217823950962162005e-01,4.365389132382843096e-01,6.138195525865035584e-01,-6.725446689180677451e-01,6.011630671751694299e-01,1.782327938186399896e-01,6.251431004548232417e-01,2.626263898059139068e-01,-7.991493019676443321e-01
5.793495776127400437e-02,-7.537892746908333441e-01,-3.115274699857094598e-01,2.300704244261322640e-01,2.015064916861257147e-02,6.565306813429412358e-01,5.260263969030446463e-01,3.537230973473562412e-01,-6.201811786163873019e-02,-7.290180007647851790e-01,2.110516417422870550e+00,6.951997199761846824e-01,2.913837516767542879e-01,2.083254729214776280e-01,9.523585853905680576e-01,1.070411691098689611e+00,1.620107975144973622e+00,-9.515390654918010754e-03,1.359326576465854676e-02,-9.471649848461348720e-01,7.438548677916769769e-01,-3.368566425065966929e-01,5.074701692520328100e-01,1.399339336383158994e+00,8.985503475635607529e-02,6.764438071102971684e-01,8.013959690462701957e-01,9.695101642212785586e-01,9.419352631236205253e-01,8.442105702580766646e-01,-3.987761253931295657e-01,4.969053387322441284e-01,-1.558470590599274619e-01,-1.078903759626032466e+00,1.232746466026998361e-01,1.815560454159623194e-01,8.576534847690300278e-01,2.194726121618185699e-01,-1.153993607055365356e+00
-3.448996234162611807e-01,-6.700459014880877362e-01,-2.433536369900618501e-01,3.100799170540218253e-01,-2.405443418982317061e-01,1.473345659715738498e-01,5.074904949191287873e-01,-2.375973021587176326e-01,-1.201032039065293544e+00,-9.263680245424569248e-01,2.103894387481520134e+00,1.767598744400568078e-01,9.234545883228270080e-01,-1.140608113400059381e-01,3.746994806044143256e-01,7.891110850829797796e-01,1.445616547440359723e+00,1.981119664802465652e-01,-1.059880648489932853e-01,-1.087625950574214295e+00,5.347517358921385355e-01,-3.035438730958273656e-01,-8.751000630285656057e-02,1.236617964251099044e+00,-1.410923340184053465e-01,3.025778816678851291e-01,8.025228336527210349e-01,3.761817200168842135e-01,7.593015089051545763e-01,3.658574331966711335e-01,-3.463138078860086289e-01,4.407711737684512077e-01,-1.161044096048936325e+00,-1.435418206881040160e+00,-6.524389408631100506e-01,-2.771149316421551712e-01,9.212995596247361973e-01,6.060614262240007245e-03,-1.402380985348015585e+00
-5.823906396773741445e-01,-6.298479856531119525e-01,-3.913394107018151186e-02,2.655106990003159306e-01,-2.914622111580015273e-01,-4.336063217357544741e-01,5.425144319504465740e-01,-1.141442418154322347e+00,-1.954619380091499048e+00,-7.669054529948868826e-01,1.717977380973135570e+00,-7.508442992711334731e-03,1.323360368545230425e+00,-7.425760443730835547e-01,1.420018317659107743e-01,6.033619422534695076e-01,8.519173750143058665e-01,5.276740755473259270e-01,1.426258385586163524e-01,-1.167059653953672393e+00,2.121467783857187706e-01,-3.079933407541589063e-01,-7.157427939724047006e-01,7.426200814465347966e-01,-3.478064904052791118e-01,-1.841488412617995063e-01,1.841998198288391231e-01,-3.789387699893476680e-01,3.614543193542609223e-01,-2.237914395795110589e-01,-4.303672010152609917e-01,1.299339171674950000e-01,-1.765215325738807239e+00,-1.529003572298636371e+00,-1.173450858549469622e+00,-1.075620042810656374e+00,6.014099606111342755e-01,-1.191275639223819509e-02,-1.100509676919914970e+00
-2.781910048719140049e-01,-6.251890721610103840e-01,3.130918189374268801e-01,9.674085652918842926e-02,2.189998636763574036e-01,-7.708691465917563157e-01,8.848872511588091738e-01,-1.937677236844205231e+00,-1.950213661549596633e+00,-7.147065003654713700e-02,1.372508581767424518e+00,5.220039939282744568e-01,1.405135282377121930e+00,-1.387680144788820069e+00,5.224335932641257507e-01,8.706963674832967071e-01,2.421484614587691153e-01,9.953295604907388405e-01,9.227071522914327417e-01,-1.199753022423857063e+00,-5.818817045689302775e-02,-1.278867252965397994e-01,-8.785174287253444403e-01,3.366465860706888691e-01,-2.307265988752185693e-01,-2.878360273040188044e-01,-8.980764864983684648e-01,-6.565932760881667551e-01,1.173480261481889414e-01,-5.013201667471287593e-01,-7.275657585928985149e-01,-4.302209695362924635e-01,-1.640673190119263491e+00,-1.247933320367887955e+00,-1.049291957421132349e+00,-1.851750338110621286e+00,-1.461088167625610446e-01,3.095849977885589688e-01,-2.106317773393282244e-01
4.375236505500763040e-01,-4.596271119356706292e-01,6.814665041493331854e-01,-1.161851299483472877e-01,1.191721908864838531e+00,-7.332306888004114231e-01,1.455161263447414921e+00,-2.199690115040849658e+00,-1.336333766773767806e+00,1.020879485241004803e+00,1.296686001583974734e+00,1.596118748400405574e+00,1.290012879015353775e+00,-1.617342964763600843e+00,1.324551432822282493e+00,1.523449109469369178e+00,-2.152618150923380630e-02,1.434870886657227285e+00,1.969776423354093753e+00,-1.203004998390828639e+00,-2.077723835416867837e-01,2.438597993338440517e-01,-4.437606743106731200e-01,3.185509092599806413e-01,2.781063708212543339e-01,1.080808569548263043e-01,-1.960795952474042592e+00,-1.707672737418993725e-01,2.333224129266581182e-01,-2.850903689105772076e-01,-1.069297862901894103e+00,-1.065027521668881150e+00,-9.458120719714796509e-01,-6.470874833321768049e-01,-3.418565070324569577e-01,-2.211516824578757312e+00,-1.092852763130696570e+00,8.090685363474062752e-01,8.120165402502710350e-01
1.048336320217815532e+00,4.341353594389450038e-02,8.369262355773745554e-01,-2.805179842739366491e-01,2.089781044877335070e+00,-4.469632000153470619e-01,1.895740349656890311e+00,-1.763441803615496184e+00,-6.056967110253013153e-01,2.042079525269049789e+00,1.350321905775737630e+00,2.536840650386026574e+00,1.147480725061833295e+00,-1.177551028175930270e+00,2.012667144891565840e+00,2.099774201115158778e+00,1.372675642636302373e-01,1.603755235834459114e+00,2.727078643340386410e+00,-1.154584366751245650e+00,-2.561384489047838775e-01,5.776569903839594566e-01,2.377682850963719896e-01,6.444842519837284955e-01,9.488237173505736921e-01,6.700235764413787765e-01,-2.498753838180536313e+00,7.636224550220623852e-01,6.201070543432231075e-01,2.495434065965169423e-01,-1.213061477500505747e+00,-1.517502343741442106e+00,-1.613655771732724065e-01,7.186621438683324370e-02,4.767414014824065682e-01,-1.967130297347892798e+00,-1.821843416495586343e+00,1.169761746544421888e+00,1.339579477931997831e+00
1.114111592714029930e+00,8.326279136504918243e-01,6.087768031813372005e-01,-3.597075048172362899e-01,2.300092804278447645e+00,-1.787532550724590108e-01,1.849026267396516987e+00,-8.243642580318975011e-01,-2.008935334834301700e-01,2.462558881666110810e+00,1.184448275146632978e+00,2.592616701333913642e+00,1.033953283998500394e+00,-1.987606534171703632e-01,2.060988144608827177e+00,2.100967341656970522e+00,4.857410360533904736e-01,1.368108862931835867e+00,2.702820642152092390e+00,-9.867894143354267733e-01,-2.355102937131530183e-01,6.135180642281045094e-01,6.269890736202410331e-01,9.864418933555429980e-01,1.427884419840606434e+00,9.359688226189407656e-01,-2.269137450359441033e+00,1.460983408532995353e+00,9.853339866896551058e-01,7.221781998620764309e-01,-1.053927724159443802e+00,-1.579892903181345787e+00,2.657303344882880891e-01,6.616242273254316908e-01,8.687482860242787819e-01,-1.233616850441226820e+00,-1.955737656052829454e+00,1.160098337135304858e+00,1.054214146507111982e+00
6.642457729176142189e-01,1.609279318868240827e+00,4.067211725498168923e-02,-3.833385717395496051e-01,1.581227657751066884e+00,-1.294728757355345927e-01,1.235063176828906872e+00,2.009698928580323507e-01,-2.055634291576902417e-01,2.058109087282247618e+00,5.901426046944240333e-01,1.477290420261569759e+00,8.771312739231555966e-01,8.831297518771066279e-01,1.297754257903635189e+00,1.387380020616023169e+00,6.818558822298736999e-01,8.066177394996889571e-01,1.794815433209621558e+00,-6.435598986466593008e-01,-1.366667206720124372e-01,2.998537478311560367e-01,4.530806219633845000e-01,1.015882314762287963e+00,1.502373384732391237e+00,7.331847236777853105e-01,-1.379407951220226858e+00,1.392974671686366461e+00,1.058740104669014137e+00,8.395056613730262907e-01,-6.744154151333646707e-01,-1.189448037015127690e+00,2.063299619350053293e-01,9.622754586503435847e-01,6.136365016454831123e-01,-3.255359507613678205e-01,-1.377936337089364027e+00,7.820478174067386767e-01,2.041571287591942840e-01
1.709126984055039933e-01,2.017704593149446612e+00,-5.900575202251979734e-01,-4.021798593219821916e-01,2.564337907225621160e-01,-3.093066883420143576e-01,3.145994164407084903e-01,9.330003398028697825e-01,-3.372667809399302330e-01,1.084523139948329717e+00,-2.804289142987874128e-01,-3.833440087861657575e-01,5.938869304297862417e-01,1.623905096701431683e+00,5.307642197104864117e-03,2.890555959097816929e-01,5.245301992217463738e-01,1.493381027449363074e-01,3.609278635539265867e-01,-1.628933367005399313e-01,6.982140283093173083e-02,-1.544413216437432457e-01,-6.595114141785803075e-02,6.670251620796530112e-01,1.228343597860049430e+00,3.257678885461747775e-01,-1.780838918406702498e-01,5.879007903253132827e-01,7.722889395009673308e-01,5.899217811350681018e-01,-2.144833240670065699e-01,-4.525687561295701489e-01,-1.214678832013986604e-01,9.866506109007380232e-01,-5.552319053668197668e-02,4.531303007088912094e-01,-3.030169653780156458e-01,2.427435898703934891e-01,-5.775383497273079980e-01
1.256495847048325343e-01,1.890343624793963340e+00,-9.341480531463333126e-01,-4.442936418880982785e-01,-9.990209475544696849e-01,-5.853510245925510613e-01,-5.004923241591576755e-01,1.218574204173167974e+00,-2.180996776181180763e-01,1.039590041014477884e-01,-1.018633295325541255e+00,-2.094758904833173396e+00,1.946530438047803790e-01,1.844330270959133378e+00,-1.273665775411717771e+00,-6.549079872588913220e-01,6.173856389298287839e-02,-3.867609910391676675e-01,-9.981459243970927098e-01,2.950176417197288847e-01,3.641983354989044575e-01,-4.568250031140015377e-01,-4.312724424930485800e-01,1.655849392264093223e-01,8.266658910325301868e-01,1.766333358458569702e-01,9.303272203569371568e-01,-4.119912857917621962e-01,2.783101066398119827e-01,1.927725314068975404e-01,2.710207221708632597e-01,3.925815820325176397e-01,-3.599686400036833378e-01,8.956465437377213457e-01,-6.442636719717297344e-01,9.664052743444361271e-01,8.374446233611189117e-01,-1.970923114074175642e-01,-7.451631097474951115e-01
5.977703887399400395e-01,1.353726822563589227e+00,-8.087086857337373313e-01,-5.134324110488301951e-01,-1.613928688248084775e+00,-8.345820067339154713e-01,-9.299068789354906217e-01,1.142996635893138491e+00,3.061492070323652559e-01,-4.108344030020756876e-01,-1.294699344735472435e+00,-2.862380031689462090e+00,-2.420803397505251753e-01,1.674405064780205121e+00,-2.065192871768174232e+00,-1.102213478766083332e+00,-4.951988801152258368e-01,-7.210534138181211583e-01,-1.781861048614006293e+00,5.233962502921226667e-01,6.388817937844372130e-01,-4.701583014633359814e-01,-3.106939626555607625e-01,-1.806437870450570693e-01,4.643346941879553658e-01,5.463974894568349727e-01,1.630872746872646717e+00,-9.792986995837725805e-01,-1.739115654908790776e-01,-1.298378713377048022e-01,8.030972506381061082e-01,1.053469648873082143e+00,-2.780673907464543682e-01,8.714399987923043822e-01,-7.480590422616056889e-01,1.254507580158478852e+00,1.609237346187201156e+00,-3.739013672784570752e-01,-2.218605004465296626e-01
1.170481485805029642e+00,7.238397508156619864e-01,-3.295186027673708828e-01,-6.116695098283356780e-01,-1.473309512186684156e+00,-1.042847704553266031e+00,-9.791196186635169330e-01,9.039408267351636272e-01,1.045151673908072842e+00,-3.821285598966336905e-01,-1.125098800796948018e+00,-2.478013153194127405e+00,-6.810392139507501774e-01,1.367852358913782318e+00,-2.195896251992442760e+00,-1.116149500781066450e+00,-9.396370655379174819e-01,-8.972878497202039227e-01,-1.833353569882197664e+00,4.103258157677975304e-01,7.438038373951709747e-01,-2.988443958834693381e-01,1.764826478862938364e-01,-2.329421731732800871e-01,1.362051949994214362e-01,1.277574765310723226e+00,1.770003254042778806e+00,-8.538213176287291484e-01,-3.894257197128257464e-01,-3.393543771139005960e-01,1.336459982002048408e+00,1.286502127093948955e+00,9.515618352534921387e-02,9.761111204319425916e-01,-2.965769082507522802e-01,1.422560227081086648e+00,1.762629603895738306e+00,-2.797693122934175047e-01,6.039770245763532719e-01
1.312487939320997388e+00,2.867374177652595169e-01,1.747646743316633167e-01,-7.362835427191189996e-01,-9.122857657036145262e-01,-1.251977982193056338e+00,-8.597677926348663568e-01,6.715107557180826081e-01,1.616843824268324958e+00,-1.082756409156595684e-01,-8.390336505571910353e-01,-1.385222259282414159e+00,-1.171038071356107713e+00,1.071741515504099018e+00,-1.799250445936295018e+00,-1.016873232687841133e+00,-1.168907544250460839e+00,-9.727281958291211783e-01,-1.354752566221179677e+00,3.758279325286267153e-02,5.904348869169592229e-01,-1.570741195655639133e-01,5.879601054125629389e-01,-1.014100521691146672e-01,-2.495082715810419960e-01,1.930145816805491243e+00,1.375139406595663916e+00,-2.671245517182976315e-01,-3.076765039886327768e-01,-5.563416836334057480e-01,1.668526619750428486e+00,1.002896528007930721e+00,5.364330504903220831e-01,1.104257178882478208e+00,4.576832408676602681e-01,1.520293722352718868e+00,1.307712458485448481e+00,-2.388679565180653122e-02,1.231021008624072488e+00
8.517935357254360351e-01,1.332844798713395951e-01,4.079360896061796637e-01,-8.374893908901610562e-01,-3.893021928653331298e-01,-1.416998416868140431e+00,-7.635031549999343747e-01,5.253675176757600651e-01,1.733008305907188351e+00,3.651168116378344930e-02,-7.816566797458949223e-01,-3.095566015582033592e-01,-1.730042865200934976e+00,7.459536670195289210e-01,-1.149413450875979903e+00,-1.033721210750182973e+00,-1.166263946029226117e+00,-9.317592515368345873e-01,-7.306046230142765330e-01,-3.552461334229624068e-01,2.302265257314049796e-01,-1.566228365297829550e-01,5.724128317470388305e-01,-8.096150437803265737e-03,-6.886691306419108205e-01,2.124155972994032915e+00,6.341436562721276538e-01,3.131627360691811579e-01,3.976393154513128796e-03,-8.640757816878662512e-01,1.546590233672106462e+00,3.257205916421779812e-01,8.100796114539000614e-01,1.070668905550955952e+00,1.144832296965538454e+00,1.503451717634696649e+00,4.691580717878379714e-01,2.450187048231453057e-01,1.425050590475325896e+00
1.264172210345494707e-01,1.505866910124712965e-01,3.222645276064405317e-01,-7.898980261137599213e-01,-1.244629418925153885e-01,-1.340660065912734566e+00,-6.874333296009460526e-01,4.658594440190329533e-01,1.387152394480719808e+00,-9.185812585719840828e-02,-1.020706323222507539e+00,2.421829268760707643e-01,-2.181738125093946934e+00,2.707039338028701114e-01,-4.832472981682193747e-01,-1.088212264541426944e+00,-9.429115534722825043e-01,-7.127665650093576444e-01,-3.035598402746208513e-01,-5.315592340423577200e-01,-1.622129525140124651e-01,-2.170738184712283636e-01,1.830373047082365368e-01,-7.919175142078030416e-02,-1.008859569149185731e+00,1.787271192292976929e+00,-1.791831328713892335e-01,5.601171459232359151e-01,3.953013098288834515e-01,-1.150355516698114533e+00,9.071047232929276838e-01,-4.580504510946329932e-01,8.178673240612248652e-01,7.652359849084985344e-01,1.494726074469886923e+00,1.284359817262018755e+00,-4.359732275401128621e-01,3.981776607000097057e-01,1.312208625870496803e+00
-3.223313255398428390e-01,1.420974217582321175e-01,1.382508983525026214e-01,-4.455500208872909540e-01,8.203084687470120137e-03,-7.934587987570299594e-01,-4.542434175580564726e-01,4.421666181215458402e-01,8.127590055562158300e-01,-3.528764636168663649e-01,-1.308838751179477677e+00,2.459542883830811988e-01,-2.157448407187191552e+00,-3.875939214601749616e-01,6.828372519922158712e-02,-9.070774231484730610e-01,-5.370707553558397018e-01,-3.181354963925896451e-01,-2.354771183528809875e-01,-4.263618546944701326e-01,-3.951466127061245004e-01,-1.745266921280222150e-01,-1.948785068190283243e-01,-2.554855981104157681e-01,-1.002753399989964489e+00,1.124511784863017727e+00,-8.285334084242343966e-01,4.675061160028781693e-01,6.761607405991747477e-01,-1.166786940598931510e+00,1.047206370529141922e-02,-1.051715612978223024e+00,6.237514139149951120e-01,2.495628577433371409e-01,1.430109853386955177e+00,8.134283411419447329e-01,-1.138538617889623072e+00,3.538826253552009860e-01,1.150235715265270020e+00
-2.362120643512899965e-01,-3.266001702393347278e-02,1.585716817819655955e-01,2.343869446139657531e-01,2.778433352407705947e-01,2.530745431874949491e-01,9.667564152159269231e-02,3.668626153970098169e-01,2.743705315169544523e-01,-5.305433532011590847e-01,-1.318822456620069472e+00,4.156402634500148963e-02,-1.354292678040730502e+00,-1.111883539526821396e+00,4.441295297829704891e-01,-3.519245439565920064e-01,-6.954287399021413796e-02,1.110861423991282571e-01,-4.946585892081878377e-01,-1.873482291001491995e-01,-3.779307689267332737e-01,2.813310084780349871e-02,-2.237475000664485292e-01,-3.816235422954623036e-01,-6.458647874540012213e-01,3.909815760503453919e-01,-1.224886722264374672e+00,2.328696993417183891e-01,6.635399828020739355e-01,-7.721348892679791298e-01,-7.010105637515106070e-01,-1.321504965389225017e+00,3.701758501940798918e-01,-2.817351570831018170e-01,1.035853352782281300e+00,1.315166585743796634e-01,-1.520238871274394388e+00,9.168278841007286573e-02,1.033067446470536499e+00
1.334130746328681394e-01,-3.889114814389884600e-01,5.273306619709641208e-01,1.069360828847005340e+00,7.872844856621928900e-01,1.488096967691892036e+00,9.093499296364992990e-01,1.411614987283918710e-01,-1.200733845215572054e-01,-5.769507928153239096e-01,-9.315542468111794872e-01,-1.054069710993567680e-02,1.244848643842952768e-01,-1.714120944356806842e+00,6.040232280530946074e-01,3.562357082370303241e-01,2.426812001342570912e-01,3.474853428759825391e-01,-9.237974314495371875e-01,-4.858518036985899624e-02,-1.678837493624206201e-01,2.612701727646087324e-01,6.494820275875919091e-02,-3.667214712718010472e-01,-1.728895362882221509e-01,-2.948001802285846740e-01,-1.436181861697321205e+00,1.547595168617349991e-02,2.558385597267949230e-01,-1.299942761418813042e-01,-9.347596064063886656e-01,-1.358011258278037037e+00,1.740818189956760687e-01,-6.369223049652171786e-01,4.885524962285416883e-01,-6.261515186915220799e-01,-1.633841310817943482e+00,-3.314168598823741818e-01,8.220225912939347346e-01
2.635870406997416482e-01,-8.320366760893304070e-01,1.117876759419097477e+00,1.691572846538482056e+00,1.331146769346223779e+00,2.379186963453310266e+00,1.668079937935606161e+00,-2.794081629649751153e-01,-4.376929113557164741e-01,-6.470364589165062963e-01,-3.271066244562227943e-01,1.998092615188562238e-01,1.669657809085312250e+00,-2.063556439056228875e+00,5.341566020607559917e-01,7.496412270459450466e-01,1.926192466337602605e-01,2.306112428836529504e-01,-1.322059989286658022e+00,-1.332786309109392497e-01,7.848630247271155824e-02,3.197564961048054433e-01,3.140966937976456541e-01,-2.587246101238978024e-01,9.057831421594635113e-02,-9.406393398015715501e-01,-1.573301143668178748e+00,-1.821891489614083370e-01,-4.829245291799479367e-01,3.538785554485002205e-01,-7.761532478226809140e-01,-1.362854422371291729e+00,7.759449974865288702e-02,-7.435592886661533951e-01,1.969142900597648654e-03,-1.262242235573250104e+00,-1.624058916927205054e+00,-7.760713756061078383e-01,3.568461396000500718e-01
-1.521896104835445684e-01,-1.216178554844991933e+00,1.618583044590544695e+00,1.743670961243190876e+00,1.531811190342646789e+00,2.499101393436333307e+00,1.952596383600527785e+00,-8.067029113242321081e-01,-7.822836795806020760e-01,-9.001885719180490186e-01,1.807002900083422292e-01,5.154966963812745995e-01,2.479820850518513975e+00,-2.140218506235913587e+00,2.861317201184915282e-01,4.864401465003653224e-01,-2.437884658958053008e-01,-2.032731296355343165e-01,-1.508142615451574020e+00,-3.453736885341940899e-01,2.035699066321791650e-01,1.191997085498453374e-01,2.052635394004302949e-01,-1.768535858096940416e-01,3.483214566408369094e-03,-1.535136612818893020e+00,-1.639742628644775602e+00,-4.256340048112575158e-01,-1.298396791887193702e+00,3.392841167114272194e-01,-5.874997478426885467e-01,-1.437973752515232295e+00,6.194948456142258114e-02,-6.579484834094572188e-01,-2.318106441823664654e-01,-1.573791693611727327e+00,-1.588178680241081775e+00,-1.054392634317095512e+00,-2.839068890001697487e-01
-9.059726855328442685e-01,-1.405106623526497733e+00,1.732025284871135717e+00,1.120976294752043634e+00,1.124075820774332879e+00,1.822054254434269494e+00,1.487465779443885694e+00,-1.209088888775178505e+00,-1.146330939543393157e+00,-1.281086616221982499e+00,3.998314929059554323e-01,6.960210910685522556e-01,2.108449637381935027e+00,-1.984425391422287133e+00,-2.294603170219104357e-02,-3.402860968595005642e-01,-8.270162642616432080e-01,-7.270368045666730783e-01,-1.366724445530259624e+00,-4.419080585921875137e-01,1.261647917343284020e-01,-2.125009498670620001e-01,-2.102431734419105969e-01,-1.890740623429965905e-01,-2.687383774701413430e-01,-1.960228071225679880e+00,-1.484635659387031348e+00,-6.916064224075392231e-01,-1.841587125600465225e+00,-1.509676046569193575e-01,-6.519570058823166425e-01,-1.453253958144534286e+00,8.277693530156475521e-02,-4.855833061475132717e-01,-1.395084121692220513e-01,-1.429415330102369763e+00,-1.470307622841165340e+00,-1.008481193872531323e+00,-7.588734399942830278e-01
-1.437126400858769193e+00,-1.322231148620121921e+00,1.337571541567627698e+00,7.646734378791250619e-02,1.533439184986729598e-01,7.499444373815613574e-01,3.230789558773958237e-01,-1.219557695692685240e+00,-1.394658833457956382e+00,-1.515741508674173899e+00,3.803858223926686599e-01,6.081928251678709874e-01,8.182657104118349345e-01,-1.621788869223776297e+00,-2.780723503606138403e-01,-1.236442229269564708e+00,-1.178521293508806300e+00,-1.062693263712592762e+00,-8.827353818252093864e-01,-2.305122539571721474e-01,-1.374233088953862314e-01,-4.388106479580338726e-01,-5.414086489534155611e-01,-2.639162697741800345e-01,-4.179290735917447486e-01,-2.075840499946748352e+00,-9.235540633887776574e-01,-8.397442724653360058e-01,-1.859600882102608432e+00,-7.187513282235332701e-01,-8.906193805858465540e-01,-1.123021467944218754e+00,9.062425091044695735e-02,-3.070077886886752316e-01,1.372581297322086613e-01,-8.486950674251856341e-01,-1.082134582991636451e+00,-5.991490183216304777e-01,-7.340755031482751880e-01
-1.311830027497169482e+00,-9.866385760574419850e-01,5.279995288621615046e-01,-9.040375531749985649e-01,-1.047749031558589783e+00,-1.639377756748544301e-01,-1.158029895351231131e+00,-7.116819037863949537e-01,-1.387575979219743072e+00,-1.345305733525010261e+00,3.187991680900612579e-01,2.802575112754754350e-01,-5.720970274113468257e-01,-1.054636050315212348e+00,-4.438623016709889457e-01,-1.664694629718350916e+00,-1.045457361659787532e+00,-1.042793550796046187e+00,-1.485384628671861940e-01,2.689072059539538984e-01,-4.941851950349470113e-01,-4.181404445881830023e-01,-4.335079281415203378e-01,-3.353315896983324884e-01,-3.030960302489754676e-01,-1.890238708172053528e+00,6.055260102361571112e-02,-7.536930452806595016e-01,-1.359668239148709379e+00,-9.002802069931651330e-01,-9.319748899796770347e-01,-2.517668942716434488e-01,4.120019730324656071e-02,-1.759517474180094521e-01,2.567016863396007209e-01,-3.419496053893012616e-02,-2.603900628100493941e-01,5.197508821897438985e-02,-2.096037394315762303e-01
-5.959412759381802482e-01,-5.175054854103813273e-01,-4.583416556290271782e-01,-1.376208624553920457e+00,-2.047531297449365351e+00,-5.820541488948518527e-01,-2.403392024630822021e+00,1.898113394830900080e-01,-1.117083284825205913e+00,-7.779269899318324022e-01,3.626304847975179158e-01,-1.676600489267456029e-01,-1.259743457369032482e+00,-3.220648060394516454e-01,-5.656202917247575845e-01,-1.424434458804658910e+00,-4.933037413885895117e-01,-6.710712888654656316e-01,6.736856291551852616e-01,8.319912647391163318e-01,-8.048546326923091687e-01,-2.170658996415179565e-01,6.317188147888048999e-02,-3.963137625597545344e-01,-1.104910103824804507e-01,-1.617677231910973346e+00,1.215960052403049829e+00,-4.944813501206892226e-01,-6.144146146153516286e-01,-5.435634110492736371e-01,-4.855514167443829021e-01,1.046745986784568316e+00,-7.897161219981461977e-02,-1.585020774833461876e-01,-1.294850940322367361e-01,6.953355808492126533e-01,9.451514003642985662e-01,7.036286120339777517e-01,4.140392086681483619e-01
2.051628933701746260e-01,-8.506681452031211732e-02,-1.332399164708717887e+00,-1.169913979196949505e+00,-2.506768753606775757e+00,-5.576516947113125955e-01,-2.929609938285973492e+00,1.166009042973777055e+00,-7.183379369744439247e-01,-1.079908965654315101e-01,5.003842655546064666e-01,-6.067585004687126027e-01,-1.003012780866179732e+00,4.555089685575148262e-01,-6.795598286062294324e-01,-7.410609802458791862e-01,1.483441137012609101e-01,-5.778326656919823001e-02,1.422684118979989032e+00,1.200794362954930028e+00,-9.146130423504950091e-01,-2.897748261887982124e-02,4.946684903222701157e-01,-5.096260931720703047e-01,-1.910383893232781571e-01,-1.522033343913727688e+00,2.134320300483889099e+00,-2.784588047000556288e-01,1.725754929146501582e-02,7.616947050355857285e-02,3.317902401450180117e-01,2.351439075612231200e+00,-2.118262461360163607e-01,-3.241200528369169165e-01,-1.089171621934212464e+00,1.064989297882089625e+00,2.210559467805445433e+00,1.104947326712461431e+00,6.250857649671552885e-01
5.798130910286485307e-01,1.806069042967885785e-01,-1.830338024485446136e+00,-4.337845697728682226e-01,-2.266808117248114485e+00,-3.995834523020706519e-01,-2.527279334219717288e+00,1.896392460338626629e+00,-3.395769271282592094e-01,3.298341736291499626e-01,6.136335109778975339e-01,-9.248713748354052688e-01,-2.114245925617435351e-01,1.118698301345170343e+00,-7.222858901627025041e-01,-1.806709570743212159e-02,5.529609887703448301e-01,6.836479541162254758e-01,1.996169797434504067e+00,1.274768955729095321e+00,-7.008869469533705043e-01,2.088748952017867311e-02,3.996232771353186997e-01,-7.179988087120288132e-01,-7.056339334172490041e-01,-1.662610028628809911e+00,2.510371616365558278e+00,-2.686049106605852832e-01,3.321476058590510094e-01,5.105879907080531632e-01,1.047399177034926021e+00,3.178480297367898277e+00,-2.161035828531540914e-01,-6.543606336307041804e-01,-2.247795469699152449e+00,1.007652775374009213e+00,3.083997628012067782e+00,1.115056225844081039e+00,2.158163279841973370e-01
4.298300833959046718e-01,2.643280044345609481e-01,-1.782110161704249629e+00,4.997711093165325691e-01,-1.354307847079954996e+00,-3.674062785349240801e-01,-1.351824243725723074e+00,2.235012239321153338e+00,5.938631920131264355e-03,4.445772393940046197e-01,6.085906806893356391e-01,-1.023560452794151310e+00,4.646449073843524347e-01,1.570193192425719309e+00,-5.520703218046936200e-01,4.985056127486248712e-01,6.480160446835498966e-01,1.470981219592700784e+00,2.353362926739310801e+00,1.162427436286745497e+00,-1.446817918967956695e-01,-5.254852200186452445e-03,-2.501129100686225737e-01,-9.514861000074501529e-01,-1.409827944011429857e+00,-1.782467555735885556e+00,2.345312866976712929e+00,-3.767239824529940440e-01,4.034354608157413313e-01,5.394703018429843899e-01,1.245018096191356394e+00,3.286491485181962879e+00,6.718544098899234540e-02,-9.537943295066649840e-01,-2.932587520359148936e+00,7.098863736776892530e-01,3.258273268266125289e+00,7.664778156751963500e-01,-5.333971749271531060e-01
1.121030125923177800e-01,2.589034071457805841e-01,-1.189267515287831589e+00,1.295375561720049751e+00,2.266169989143514488e-02,-4.659829918289083994e-01,1.331766284348893103e-01,2.229924570989219923e+00,4.552696437788036898e-01,4.380976046057842299e-01,4.886035267162770479e-01,-8.526358602486301397e-01,6.700492205084594977e-01,1.829491981716848681e+00,-9.350436350780644279e-02,8.387250464658331239e-01,6.268414776347033257e-01,2.196694299385339111e+00,2.467682519460493218e+00,1.053872773800129892e+00,6.113419810040269242e-01,6.833793212555971941e-02,-9.751247403683011017e-01,-1.043555436022188809e+00,-1.804910732784597016e+00,-1.477899894692388916e+00,1.924345280439215600e+00,-2.967327387427311502e-01,4.821659967168530625e-01,3.580589954730316049e-01,9.638211381212030693e-01,2.804497921979323127e+00,6.838242942356076437e-01,-8.976018463158738081e-01,-2.586531158795750684e+00,4.858657209996963822e-01,2.772532090915055480e+00,2.410430551017146983e-01,-1.067682995216132635e+00
7.996225820286081976e-02,2.714659963895565409e-01,-2.748906643688797669e-01,1.715999251489671806e+00,1.474982835347920629e+00,-5.010291887830350399e-01,1.345508299549522668e+00,1.988764213820036986e+00,1.144382374804724378e+00,5.688647848627356174e-01,3.161888653851527287e-01,-4.788909115643393832e-01,5.496627158931344237e-01,1.973174845859029691e+00,5.203247835861600779e-01,1.134574389087516399e+00,7.151609606079644132e-01,2.666224208493809922e+00,2.286986547228292643e+00,1.029852458078415411e+00,1.282098690818588516e+00,3.313476800512529796e-01,-1.169804404984672530e+00,-8.604999303609118799e-01,-1.550664838395268363e+00,-5.399871648097939181e-01,1.584935366470214380e+00,2.169033306456597254e-01,7.560376399154594695e-01,3.769453858188772655e-01,6.923824922243512203e-01,2.090829523129994261e+00,1.460625920791771781e+00,-2.512165239480670387e-01,-1.180358790825103865e+00,5.560528060391772831e-01,1.983301074321057955e+00,-2.236023426268786141e-01,-9.935319628288962202e-01
4.546755255519893124e-01,3.195453733959960907e-01,5.695528234377111865e-01,1.632822605075282318e+00,2.502781815376035723e+00,-3.162084833974593834e-01,1.839326292720184552e+00,1.538191347669272124e+00,2.014497685087855761e+00,8.616101467840349137e-01,1.364177781850218762e-01,-1.017593521449427080e-01,4.865188295974089416e-01,2.014448024897746770e+00,9.670744801035339178e-01,1.365676088450150871e+00,9.186384386769785859e-01,2.637356698369064389e+00,1.758741324760477953e+00,9.806310352438766254e-01,1.566661278574480232e+00,6.544108822087811861e-01,-6.152553871339099256e-01,-4.269855653243234128e-01,-7.776799177761720694e-01,8.111643707379302404e-01,1.469159027051218258e+00,1.060888066274854991e+00,1.162476156179325093e+00,8.124774411499277038e-01,9.267345554190825618e-01,1.454731836304041348e+00,2.034073485875250498e+00,8.810428369786214020e-01,6.936947955913360664e-01,8.932212297601181961e-01,1.318965441251500614e+00,-4.459304726524920826e-01,-3.744974717669589115e-01
9.081695850642581558e-01,3.157425613187105351e-01,9.669162632992340800e-01,1.023591453231450510e+00,2.691975554905876589e+00,2.366647693968713592e-02,1.512135363715626957e+00,8.291662950895142270e-01,2.756652468447643223e+00,1.058402184670957258e+00,-3.946204455572732694e-02,5.475616907350529250e-02,6.638144001256927051e-01,1.855593972584468121e+00,9.483069978014393442e-01,1.309746480374296196e+00,1.004111756862020810e+00,1.974264149723645945e+00,9.149494729842732044e-01,7.148641746975610278e-01,1.327781922672429227e+00,7.610105517342824477e-01,3.273826878777486571e-01,7.940339616322684979e-02,-3.656449042989467005e-03,2.010600323100703690e+00,1.462566825193805320e+00,1.768445089104978329e+00,1.415081272500813503e+00,1.443410096320766112e+00,1.678533478432191028e+00,9.769385701350096207e-01,2.041040933269510749e+00,2.006460782293950196e+00,2.151322388575184430e+00,1.256413328390018957e+00,1.002626599087029335e+00,-3.780560884307677672e-01,3.455006820026101932e-01
9.525047129559645054e-01,1.666599467141330060e-01,7.781331544672216438e-01,1.581199300432531082e-02,1.962536538196642422e+00,2.749921034954742605e-01,6.483008291273405499e-01,-1.108131200903241381e-01,2.970864584279282905e+00,8.783726962458564547e-01,-1.802850265655879525e-01,-7.909789787285537166e-02,8.804380214286707806e-01,1.388425240973928609e+00,4.426811795264020133e-01,7.698442228620744343e-01,7.490815118714838627e-01,8.049174267808834049e-01,-6.037150372635690515e-02,1.704772530392690555e-01,7.037791265972312971e-01,4.571872006979316172e-01,1.014626472490529618e+00,4.713778127426692111e-01,2.943815054302867940e-01,2.506178351589700259e+00,1.353377157183904167e+00,1.830914911376489762e+00,1.231215932685167047e+00,1.767602202333686812e+00,2.395706752212278801e+00,5.600192042161478145e-01,1.366674741494453782e+00,2.500682235985913771e+00,2.557880678899999261e+00,1.386072812283645650e+00,9.503793468370189679e-01,-1.178854823329849311e-01,7.009281820887715009e-01
3.726582648187109492e-01,-1.003017205715448085e-01,2.046139681496885743e-01,-1.073365370457578516e+00,6.803758215230911732e-01,2.381905272028010945e-01,-2.429925951814204121e-01,-1.043883177192355349e+00,2.436251929895979274e+00,3.426046593843301014e-01,-1.987239509052573794e-01,-3.283215634975673591e-01,7.829613101975066991e-01,6.629972179982159819e-01,-2.257583798473258851e-01,-1.410506263933192228e-01,2.266172354729960037e-01,-4.668632985058172036e-01,-8.669503770996901393e-01,-4.603484526374231334e-01,5.354910970457016361e-02,-1.760456133644676957e-01,1.046463846180923252e+00,7.024792691467440786e-01,8.148969800897766513e-02,2.120058185003371953e+00,1.050872659540905918e+00,1.113563946319038989e+00,5.816578547188175907e-01,1.432577531823349126e+00,2.401067534379614177e+00,1.235292865104057058e-01,2.698280592316307791e-01,2.024881110634165982e+00,1.903304572047700649e+00,1.200985132190180993e+00,9.040049968247590995e-01,1.456965458496557730e-01,5.312553381138257480e-01
-5.760733767628114510e-01,-3.122142670371919615e-01,-3.337692486077533105e-01,-1.806427125687589230e+00,-5.074549532383239026e-01,-5.110670522299917001e-02,-7.129554997971635499e-01,-1.584989219167144414e+00,1.286372543115413380e+00,-1.683974378987035669e-01,-1.023834497763757324e-02,-3.879016413147293729e-01,2.659640309507017020e-01,-5.332748042396798921e-02,-5.975791713154575691e-01,-9.622913754723000368e-01,-1.680002490024138095e-01,-1.346906720656011025e+00,-1.236174391548219731e+00,-8.211571993130938329e-01,-2.539765725369592664e-01,-7.990573387529263938e-01,5.614497277838007561e-01,8.781468977163330303e-01,-2.223201961516795278e-01,1.142629110996376429e+00,6.573888878167766237e-01,1.251366488431593024e-02,-2.414992297324629611e-01,5.600727336235331588e-01,1.478625003812674255e+00,-2.669566521831994721e-01,-7.322535345144677299e-01,7.896219232719936532e-01,7.514514159097637203e-01,8.360431045948414353e-01,6.658799287883739870e-01,2.304162156010144957e-01,2.411466481933717890e-02
-1.366707000098352554e+00,-2.770504253537666717e-01,-4.806837217979716970e-01,-1.835168896450916520e+00,-1.047996404990160446e+00,-3.409507006668178186e-01,-6.077710462570136141e-01,-1.466733421287521599e+00,-5.023509494382857182e-02,-2.201215805786229662e-01,3.491700770007435950e-01,-7.948350731109049550e-02,-3.693471686376035290e-01,-4.295271112229033794e-01,-4.219686353483423913e-01,-1.183915037222204480e+00,-2.121866081245828844e-02,-1.528118186998547401e+00,-1.096651132725195321e+00,-6.492522897567325479e-01,-7.380871062240761116e-02,-1.036171595194365302e+00,5.864120353739176589e-02,1.110189417237392062e+00,-1.381810507217343942e-01,1.052466114177934148e-01,3.341862557938903855e-01,-8.027502247535773794e-01,-8.023785795739819537e-01,-3.291939225318168960e-01,8.398261273379284408e-02,-4.683363102218369711e-01,-1.169536783911238276e+00,-5.618902229783724334e-01,-1.782543402256549503e-01,4.961400341654788604e-01,2.344905555042349765e-01,5.848211119589102197e-02,-5.064237499101104101e-01
-1.610544721778936816e+00,3.439587532547031673e-02,-1.824530695274770853e-01,-1.130892945344619260e+00,-8.088774934097686664e-01,-3.733128680116975517e-01,-1.027162376928666132e-01,-7.982942868984661544e-01,-1.103434131490661052e+00,2.663538513290142906e-01,6.770946746524065807e-01,4.686732726502109703e-01,-6.684620453976327648e-01,-3.395793244897435392e-01,1.451147072231344648e-01,-6.491389722444591559e-01,7.070292806047726586e-01,-1.067750238074903990e+00,-6.270807578199019128e-01,-4.834206625698558683e-03,4.212750568741626123e-01,-7.317070679298762759e-01,-6.946435212879466248e-02,1.354710679823257102e+00,4.186867889041380186e-01,-5.736592636269999268e-01,1.024532296218343963e-01,-8.709877515560535688e-01,-8.146007092374237812e-01,-7.311701585661467551e-01,-1.019695124035943978e+00,-4.504687211456550600e-01,-9.133989996408281575e-01,-1.384524838731452601e+00,-4.766922165020885949e-01,2.609309340365446039e-01,-2.534166849596346527e-01,-2.941508093488214293e-01,-8.696630037681556402e-01
-1.326619859532257584e+00,4.216583543752076002e-01,2.982806640294072831e-01,-4.201882163222497163e-02,-1.072019423232629109e-01,-9.223537528375240491e-02,4.742787436545540802e-01,-6.571495287168055421e-02,-1.621149518805880430e+00,8.919739373254904624e-01,7.205550157600778549e-01,9.016972577435669045e-01,-4.504830010812355123e-01,-6.466526344994330197e-03,6.673435611407581014e-01,2.955312470582173168e-01,1.563875212031944573e+00,-3.350975857074449671e-01,-1.414142555922100197e-01,7.218996076201633638e-01,8.581140507957859542e-01,-4.571222995895062036e-02,1.388873825324153932e-01,1.404704323046332970e+00,1.043224948157073895e+00,-7.996144453322682200e-01,-2.112000643244952569e-01,-2.598231702819166489e-01,-3.286314492328735737e-01,-5.516866834388310936e-01,-1.381723198855974832e+00,-3.991366372050549338e-01,-2.489368976961299218e-01,-1.449507784116401021e+00,-2.308265582301241015e-01,1.875327428275079186e-02,-6.871721821352863024e-01,-6.314508493210829743e-01,-1.061827634430621448e+00
-8.619624788348803079e-01,5.932461157261925688e-01,6.011621678297861537e-01,9.091297429089256754e-01,5.769367942536597349e-01,3.355894670477282404e-01,8.850752370367734878e-01,1.875534017464673686e-01,-1.652943987978133578e+00,1.099245677679701938e+00,3.882839742591855936e-01,9.391224321471707270e-01,1.069751436037363716e-02,1.471443389534763391e-01,7.901157193876598983e-01,1.058096672292508700e+00,1.908594903919829555e+00,2.337086877589354683e-01,1.165136127202802269e-01,1.055714317582022277e+00,9.117547062168518401e-01,6.675313274553429377e-01,3.156279667731911043e-01,1.072907236268307196e+00,1.201028779815949132e+00,-7.439882071263942409e-01,-8.076819723716344157e-01,5.303685417652553857e-01,3.266582375142885741e-01,-1.348314490249089836e-01,-1.186819326114730178e+00,-5.950258278967066605e-01,3.322620285589154010e-01,-1.028334485372659923e+00,1.611543344170050240e-01,-4.049858773794716149e-01,-1.078788418558074058e+00,-7.481810845248167974e-01,-1.141925077285756318e+00
-5.625806148349306035e-01,4.194141781886838727e-01,5.395451338942591768e-01,1.363730322207362677e+00,9.599818721011107447e-01,6.950613563314801402e-01,1.102496747217062589e+00,-2.199871896406546123e-01,-1.421344503626839284e+00,6.798503478693318502e-01,-1.258099016042524554e-01,6.416999457009667784e-01,2.431980649009016227e-01,-1.396154857931055371e-01,5.416376501494994944e-01,1.266538169074673537e+00,1.426013539324889168e+00,3.992514798830425482e-01,1.144553279975167870e-01,7.659727480379948661e-01,5.117555596005950447e-01,1.087103205776787540e+00,1.715741106420654305e-01,4.154357411097706065e-01,7.298356710996367624e-01,-6.135446366908741123e-01,-1.664993412971446096e+00,9.895801925661938947e-01,7.984375158253330662e-01,8.922104697998442524e-02,-9.981506328655804783e-01,-1.150246675908789928e+00,4.726087052822873225e-01,-5.961200635992663921e-01,3.555502523806025050e-01,-1.033420759843222569e+00,-1.499477672676547746e+00,-5.610573432133970639e-01,-1.098228316759874756e+00
-4.926696711130728046e-01,8.275386722642831538e-02,2.099067210049038457e-01,1.337980562452653066e+00,1.091343057859122556e+00,9.196289569179081358e-01,1.233407406233413273e+00,-9.309404046357893092e-01,-1.107082091941587354e+00,1.204989024398148666e-02,-4.457156693490919031e-01,3.898633998885754903e-01,4.046270642790523314e-02,-6.888484198477643483e-01,3.146360267429395563e-01,1.050578189427833209e+00,4.249862547004632507e-01,2.235218128906971968e-01,4.341280240403461339e-03,3.847751597185582878e-02,-1.312480690811868300e-01,1.089358991917183772e+00,-1.834777654773111777e-01,-2.158806863172942347e-01,2.799926080933597128e-02,-4.598865781918957119e-01,-2.442742824495648168e+00,9.920281987267316470e-01,9.620321162650248281e-01,1.361709979890160169e-02,-1.170703864362124147e+00,-1.841562593272801251e+00,1.776877333032153561e-01,-4.216131673277480618e-01,3.134474163109355338e-01,-1.630787424552631260e+00,-1.930977926426843183e+00,-1.751911230763648908e-01,-8.598064735812614989e-01
-4.287150993797376186e-01,-3.176170353879564923e-02,-1.295754780763115344e-01,1.135788713878002287e+00,1.179565987923943737e+00,1.124277301402822449e+00,1.339946768215886097e+00,-1.291959408198172232e+00,-7.241065815040418352e-01,-2.218498351724050299e-01,-2.890423242773318413e-01,5.618301166680008674e-01,-3.145655492972796452e-01,-9.604196488749467964e-01,5.324372072487583152e-01,8.984880538832308305e-01,-3.520398694263536798e-01,-3.373560043876399489e-02,-3.986423029141948626e-02,-6.432989004012169554e-01,-6.818092006917633174e-01,7.599446689140673117e-01,-3.141757580788164805e-01,-3.768425365395062787e-01,-2.555541134755782151e-01,-1.730911972363046447e-01,-2.665422430124379183e+00,8.408819409105307008e-01,9.782181645375795931e-01,-4.937425092823655853e-02,-1.490044019014723276e+00,-2.219334004249485126e+00,-2.255987047697871062e-01,-3.905012281960649756e-01,2.666669820102713362e-01,-1.815633160049618056e+00,-2.196907812003081162e+00,1.724644126281606460e-01,-4.249588852539916695e-01
-1.027566367200548891e-01,3.466328213670655800e-01,-2.839116813910221859e-01,1.040820830605695413e+00,1.305681487896679149e+00,1.447509740585067872e+00,1.339934601932909697e+00,-8.588238348705438119e-01,-1.696014034209161747e-01,3.692928785441535466e-01,3.032340773465574957e-01,1.176830078991178530e+00,-3.003165126275544328e-01,-4.732547203383684620e-01,1.269847568634657753e+00,1.210725773689072193e+00,-2.882728213823944063e-01,-1.258260965812728616e-01,2.515946278698860325e-02,-8.281659677269829212e-01,-8.959748014365733759e-01,2.947106198009263878e-01,1.364734138621545023e-01,1.412489753969170814e-01,2.256740212653085276e-01,3.645434646290630076e-01,-2.070908375889015662e+00,9.448831547378072626e-01,1.115508789612202678e+00,3.266736527302648851e-01,-1.382606543997224380e+00,-1.935219888264568588e+00,-3.589329484226584932e-01,-1.881889368616799507e-01,4.652181898824426787e-01,-1.329892265406565910e+00,-2.065979068896635962e+00,2.720999378139420388e-01,6.022214705701845611e-02
5.325517862408861713e-01,1.098376943465432687e+00,-2.499860126192355037e-01,1.062498104992949166e+00,1.316586948471917040e+00,1.857223787455703379e+00,1.086309277521501526e+00,2.237676898020170002e-01,6.110158346471082913e-01,1.485613237544781695e+00,9.793640248111598057e-01,1.824497359245324413e+00,3.286246928698711156e-01,7.430969514371341678e-01,2.142573855103044433e+00,1.929529482226481019e+00,6.100200343536466008e-01,2.175132831663030564e-02,9.709226431746578734e-02,-4.055383617347059211e-01,-7.503772749319957969e-01,-1.101271102240946875e-01,1.078313243825623768e+00,1.109102599878257100e+00,1.196422099136118522e+00,1.109168366434350128e+00,-8.548962678288469785e-01,1.412978067304815788e+00,1.478024962019831579e+00,1.247583227184349219e+00,-5.092708307868488715e-01,-1.029405283687961692e+00,-8.328803445273939843e-02,3.510058198920819050e-01,9.247561373685913022e-01,-2.678456686303717360e-01,-1.451964728664908888e+00,9.951471255353477874e-02,3.869796813838914384e-01
1.233631776517175593e+00,1.724325304655055291e+00,-1.582990104083837335e-01,9.656896562052871280e-01,1.004572699540437597e+00,2.110578951246036894e+00,5.495127168464915002e-01,1.277683506970714200e+00,1.486521192644173261e+00,2.301464482356374130e+00,1.327188334187777929e+00,1.966772048397952277e+00,1.239795508243864974e+00,2.046432155792147878e+00,2.560819739274947882e+00,2.552806559766778172e+00,1.672339880023716585e+00,2.965866313844802149e-01,5.056821373993986707e-02,3.212929532881080852e-01,-4.193620870718406390e-01,-3.195723832600873560e-01,1.972628924273877482e+00,1.950181893852087178e+00,1.953893705235877354e+00,1.805926673527371795e+00,3.940454949448886635e-01,1.909646414610352005e+00,1.853613273187043387e+00,2.319331358735114534e+00,8.129551600775464237e-01,6.355287910292151121e-02,4.001595815416975066e-01,1.053601825097832956e+00,1.365281430265440799e+00,9.105654087930178386e-01,-5.341452477644398344e-01,-1.483636242976613395e-01,4.605277833572041235e-01
1.623156521393497753e+00,1.675429053633461285e+00,-1.167000709182470369e-01,5.538557812052523621e-01,3.853582299449124227e-01,1.916636808085436572e+00,-8.219234931196314764e-02,1.558268709373059613e+00,2.139474829828758473e+00,2.090903943658712905e+00,1.155928647320992431e+00,1.371287855621612817e+00,1.737557074474793017e+00,2.556307831294663213e+00,2.147959272838497746e+00,2.511184539684513606e+00,2.018563777365053991e+00,5.023464461284592453e-01,-1.277280962482546800e-01,8.382321411236364206e-01,-1.471933790642865614e-01,-2.867339713979062399e-01,2.203662681632944320e+00,2.075783718864699701e+00,1.914788306730956791e+00,2.092458615056594251e+00,1.039195368237620043e+00,1.888084639558318623e+00,1.811584014433140100e+00,2.885640014185438584e+00,1.772971459318516629e+00,8.016159746063387104e-01,6.981621698854889591e-01,1.536170612371364763e+00,1.376213046660543560e+00,1.605793725664258043e+00,3.169005366033615934e-01,-1.889483103740552394e-01,3.794105290129615171e-01
1.429823024101225526e+00,7.705520866842772154e-01,-1.238859681080006214e-01,-6.902629498349369119e-02,-2.283652092270689327e-01,1.165794074290806392e+00,-5.049350011285851370e-01,7.856947636745471586e-01,2.207509763402646819e+00,8.067468241908497539e-01,5.843288372934214436e-01,3.087084518272836808e-01,1.333305107349036289e+00,1.754265008867285314e+00,9.998097717986667021e-01,1.590674037455285239e+00,1.167997022693199938e+00,4.809396322553102787e-01,-3.237698145285650697e-01,7.492316738726499947e-01,-1.155319278994560300e-01,-7.650549090103041239e-02,1.511481127488297549e+00,1.239317123393905984e+00,1.057633058044240792e+00,1.688110500192796959e+00,7.772445070706981429e-01,1.010746871420587389e+00,9.983308140877743542e-01,2.487507235171925846e+00,1.696056220218632893e+00,8.859786300698772044e-01,4.993717975330219661e-01,1.515430578810061713e+00,6.888031827845718658e-01,1.404314657109114295e+00,7.567243752420060865e-01,1.190588710278941559e-01,3.159900259393953470e-01
6.371164708218870487e-01,-6.212949495258828225e-01,-1.293705115759278268e-01,-5.291568368099466291e-01,-4.740514424291137341e-01,3.072470160988746354e-02,-5.377278327510681688e-01,-6.569803791073053345e-01,1.479111786508110038e+00,-8.674958876860007218e-01,-1.101431087752108157e-01,-6.573859646280811875e-01,1.785395025098394928e-01,-1.337006125596910400e-01,-4.000375993945740616e-01,6.929739628133876894e-02,-6.406533219970398374e-01,1.757100005509886764e-01,-4.149201568566440179e-01,7.929739911351419562e-03,-3.760694983705844541e-01,1.283663017298580789e-01,1.441506074739665189e-01,-3.183361837560962360e-01,-9.539404535004687713e-02,5.649803708852844109e-01,-2.071301061678309519e-01,-5.713842774617290399e-01,-5.684886737767768095e-01,1.174349608927937050e+00,5.979253700970238450e-01,4.059416424269811086e-01,-2.251820756959255210e-01,1.007423802160035242e+00,-6.180184719439858476e-01,3.054883963471344832e-01,6.583995414039023331e-01,6.236396353085323918e-01,3.081120159150455007e-01
-5.240235020269657928e-01,-1.793148423231498034e+00,-1.534696102647824800e-01,-5.123036847524612414e-01,-3.005238650785741483e-01,-1.141270488164801256e+00,-2.913641138702370847e-01,-1.996903156762563691e+00,3.339874875758516715e-02,-2.035664067070818817e+00,-7.173927169302343199e-01,-1.108752354744261037e+00,-1.023889732208816072e+00,-2.260631072853851453e+00,-1.517163269691613747e+00,-1.504516435380891970e+00,-2.621337480956744681e+00,-3.702570103372367916e-01,-4.032655985786972042e-01,-1.083383856136826306e+00,-8.523572871078300972e-01,9.070138100956201543e-02,-1.352625111199517560e+00,-2.004684547487829871e+00,-9.133749523144686355e-01,-9.826822943813627864e-01,-1.398401103321120775e+00,-2.283851385506890264e+00,-2.417549682712451187e+00,-5.591818041263340033e-01,-8.214772285155369502e-01,-3.037828574157414585e-01,-1.219959726686522528e+00,2.511503581440933663e-01,-2.100206638030822415e+00,-1.275456028290778976e+00,1.434598076638942954e-01,9.367677296094832906e-01,1.877764129833825735e-01
-1.684195085657898217e+00,-2.165524295841954494e+00,-3.132149427788977203e-01,-1.028424455602203191e-01,-8.886288713945644790e-02,-2.045612921390783878e+00,-1.042063859111965196e-01,-2.596254043514938825e+00,-1.747570233088176161e+00,-2.246847068169379291e+00,-1.188014147689203659e+00,-1.065486711858721902e+00,-1.561031797897632689e+00,-3.695076451928733796e+00,-2.084119437296989119e+00,-2.673614106825729309e+00,-3.938433411231784476e+00,-1.038448237080552561e+00,-4.229987962802387869e-01,-2.074788612009902167e+00,-1.378315168510268141e+00,-3.353886437361355277e-01,-2.492527918004585175e+00,-3.183563892082298619e+00,-1.123433730090779070e+00,-2.412570836433729049e+00,-2.277579619126496535e+00,-3.474574744587425101e+00,-3.829795770509069275e+00,-2.119208563340472473e+00,-1.733502071677656575e+00,-9.337578847062316667e-01,-2.114194105362245502e+00,-5.342177792834763572e-01,-3.136173632176200154e+00,-2.715404375054563779e+00,-5.368714567131496196e-01,6.908330753483467035e-01,-2.445480271437797115e-01
-2.463312102941075832e+00,-1.665836154454567897e+00,-6.997228955489711577e-01,2.035707716391131072e-01,-3.673729316447149063e-01,-2.567967446857683189e+00,-2.785056857058389457e-01,-2.337621442280696460e+00,-3.303546478559389765e+00,-1.760522901335125345e+00,-1.539030818727781247e+00,-8.955951564205498761e-01,-1.242904878914760758e+00,-3.976267224376274445e+00,-2.178396842911157094e+00,-3.281616911325350827e+00,-4.161283397195504108e+00,-1.652687780392990691e+00,-5.987621321284628539e-01,-2.616050542584920091e+00,-1.752479141958253273e+00,-1.058701082272474059e+00,-3.062911878333982152e+00,-3.467910506566567186e+00,-9.312764044564322274e-01,-3.144698471366309089e+00,-2.582520049677324625e+00,-3.785903666676760260e+00,-4.219590115102135108e+00,-3.143612015781237279e+00,-1.797569274692475627e+00,-1.359528728878531156e+00,-2.627257180109944468e+00,-1.298285704608108881e+00,-3.234098325832885479e+00,-3.480416980062797538e+00,-1.145723260249603692e+00,-1.737714794304709154e-01,-9.440579709242997719e-01
-2.583459572771853008e+00,-7.451070936956868396e-01,-1.221684392354497550e+00,-1.181347770743152031e-01,-1.327889544226237062e+00,-2.763624747694432671e+00,-8.309029063876677279e-01,-1.613157696142869968e+00,-4.112354492929736871e+00,-1.233755120753628143e+00,-1.711105677208437870e+00,-9.437402242073436032e-01,-4.864631395895938071e-01,-3.305314807847711922e+00,-2.053326605587280085e+00,-3.415343637983168090e+00,-3.400265661112408022e+00,-2.004973928546524675e+00,-8.823074240524716449e-01,-2.598426975151950202e+00,-1.810158883626751702e+00,-1.738406985890100565e+00,-3.090244898328983414e+00,-2.860733966554146246e+00,-7.433630428413700031e-01,-2.836904525180293568e+00,-2.354094827287824376e+00,-3.311490616955425015e+00,-3.458052860614126534e+00,-3.586075323780660629e+00,-1.320293615426124889e+00,-1.591094013627701642e+00,-2.679252161088832906e+00,-2.069621141335919123e+00,-2.308415917681422957e+00,-3.361541315055990964e+00,-1.523267254562697293e+00,-1.304267383061509022e+00,-1.526051628145771000e+00
-1.970011818379245216e+00,-2.956847690491519465e-02,-1.593788167279446943e+00,-1.139109173874480518e+00,-2.566516500268819723e+00,-2.726642497433039214e+00,-1.469326650390312627e+00,-9.735616818851791088e-01,-3.911795665033960034e+00,-1.132388110222797284e+00,-1.557842602905034290e+00,-1.220951118981327577e+00,8.726986327534068388e-02,-2.286568181868580130e+00,-1.899003494331814590e+00,-3.207086740432238514e+00,-2.119309452445713227e+00,-1.919090640427011607e+00,-1.034187659380111812e+00,-2.139320819117815464e+00,-1.507088775100351885e+00,-1.966546322661268054e+00,-2.686733571692042410e+00,-1.714408226667158530e+00,-7.792283882067485568e-01,-1.590276083948504393e+00,-1.800263088904183961e+00,-2.471230965652525313e+00,-1.935953580640416005e+00,-3.566833284115772162e+00,-8.675811992712727516e-01,-1.624384054800556809e+00,-2.367178317400870480e+00,-2.744123042608944463e+00,-7.692802716579310029e-01,-2.543608012206354463e+00,-1.574030699452262816e+00,-2.113557482302721890e+00,-1.496947296437878050e+00
-8.169503624182695711e-01,1.246233199954712156e-01,-1.529105086929983370e+00,-2.314780357207531836e+00,-3.313872289568652985e+00,-2.490318007872612593e+00,-1.819954771066439436e+00,-7.293064539048169648e-01,-2.823376953503995868e+00,-1.375193870918372863e+00,-9.982323312030921825e-01,-1.424438674292701990e+00,1.644046643515061079e-01,-1.463730375843163012e+00,-1.724532136587511921e+00,-2.710096823113288700e+00,-8.297864629666447112e-01,-1.344333786439322331e+00,-7.975670727095927059e-01,-1.466358419814582703e+00,-9.710767795557739834e-01,-1.548422652490323070e+00,-1.970371784977731133e+00,-5.571681402915604764e-01,-9.214667830659289960e-01,5.863311176150162035e-02,-1.125491969967668648e+00,-1.723694592574973372e+00,-3.271185642732654109e-01,-3.190344134652944419e+00,-7.259418701517839079e-01,-1.384581736963297338e+00,-1.860816132129659239e+00,-3.010884263362654689e+00,6.567949198904091679e-01,-1.482733930254670485e+00,-1.263122515505472832e+00,-2.137208447006186507e+00,-6.534506425440963495e-01
4.520300125516939493e-01,-1.542559449273205319e-01,-9.927520611896396563e-01,-2.828687388277999037e+00,-3.006308678011946345e+00,-2.043685874752914078e+00,-1.715161033505624211e+00,-7.882443690508245115e-01,-1.299697409915320678e+00,-1.485307749113026210e+00,-1.761246979221047781e-01,-1.247944900521439360e+00,-8.174623952329307386e-02,-1.003635027230393550e+00,-1.417326588881321570e+00,-1.939819454999231363e+00,1.215377740828793851e-01,-4.193520306447983681e-01,-1.324894735113603395e-01,-7.972060165173885382e-01,-4.624397119881538121e-01,-6.729437986656697790e-01,-1.107201339684476427e+00,1.373023550487806332e-01,-9.011214560304612320e-01,1.403724582475818217e+00,-4.492777134525119953e-01,-1.309368012670630410e+00,7.954206984760060495e-01,-2.502677876098784004e+00,-7.093388139626670696e-01,-8.283967517584253093e-01,-1.303078893451996123e+00,-2.547079960747697047e+00,1.311565940421119736e+00,-6.542691996668655863e-01,-6.658037153979997624e-01,-1.326223397359786560e+00,6.971988566747825411e-01
1.368650680544475362e+00,-4.095366038435261369e-01,-2.845193321248628004e-01,-2.203842706656818251e+00,-1.740529386485222929e+00,-1.419946407048597647e+00,-1.303837482754988120e+00,-8.011027041063780718e-01,1.000237700198704643e-01,-1.072796767764563786e+00,5.601861593041094212e-01,-6.846499425587798671e-01,-2.532427569471884521e-01,-7.128050434366959287e-01,-8.885457163029426564e-01,-9.892303749722616280e-01,6.018085922985288994e-01,5.603337596483659588e-01,6.955630610998015939e-01,-2.748583823941792015e-01,-2.308807882799079891e-01,1.818384891133342229e-01,-3.520742346236976905e-01,1.568089708935810345e-01,-6.052692215850355995e-01,1.965019989240893494e+00,1.740223216923652561e-01,-1.162317482675560232e+00,1.246311208080640220e+00,-1.580398406429732505e+00,-4.499993393889170079e-01,-8.244821371816282718e-02,-7.655091271728732272e-01,-1.332751469838494129e+00,9.854130167282202368e-01,-2.978120245723633874e-01,-7.650971461930966902e-03,-6.881763710883179175e-02,1.918010668248330886e+00
1.680101581602423844e+00,-2.405800662659531020e-01,1.576724495411979676e-01,-6.975876821822951657e-01,-2.307181310558136245e-01,-7.425812982324860867e-01,-9.022764146818916808e-01,-4.588809225342409537e-01,9.931612566079978111e-01,-2.043777105518425896e-01,8.796821580438004551e-01,-4.708168683931810566e-02,-1.442582945609931222e-01,-2.973585456132751270e-01,-1.747401118607034010e-01,-6.281739968520773376e-02,6.454796511247185009e-01,1.277104122206613290e+00,1.271023460014094608e+00,4.331118908080037327e-02,-3.442621227476588830e-01,5.657965102688867765e-01,4.459491243342202788e-02,-3.496998936172276973e-01,-2.038648889136367159e-01,1.760728761683038934e+00,7.076305951073714740e-01,-1.010576828268757055e+00,1.244512480838775081e+00,-6.036617710631523304e-01,1.522580636270498555e-01,5.635876000167480138e-01,-2.574434043545534845e-01,2.196862046911715327e-01,4.679751771151866024e-02,-2.997475970551643498e-01,4.089337404123873365e-01,1.072359419135281211e+00,2.499241191365801473e+00
1.508497373103449668e+00,3.843979891083131317e-01,9.951773674640783385e-02,8.511732987915894277e-01,7.062132628133473977e-01,-1.672033914409748745e-01,-7.265291449052019290e-01,2.876037443494668389e-01,1.344144757439710736e+00,6.521255951847181320e-01,7.099081994207502300e-01,3.017566816022455578e-01,8.496993248349872518e-02,3.767424546649174588e-01,5.640033375821053019e-01,6.233845135869093834e-01,3.984269236626022392e-01,1.552026189935037381e+00,1.319996933070765266e+00,1.750432306716475095e-01,-6.159119120537495107e-01,3.690337957045951023e-01,3.186709087017165071e-02,-9.443856729251155491e-01,1.345751140132312243e-02,1.251061787406043679e+00,1.123361784480219283e+00,-5.851144010655899841e-01,1.173697947089579419e+00,1.994743094288956020e-01,7.805641021800249213e-01,8.510492374866069909e-01,2.396976531172873015e-01,1.488943192800799897e+00,-7.907846945430566654e-01,-2.912998489945660130e-01,4.014528442054138280e-01,1.714621113957278897e+00,2.410350566146956197e+00
1.261857143394414793e+00,1.112406694723664380e+00,-2.814380363948840724e-01,1.616794360918015538e+00,7.243138137203665172e-01,2.282152551040282085e-01,-7.391106956321747967e-01,1.214465676397263438e+00,1.407444929973560743e+00,1.031694745936647228e+00,2.792586902475200916e-01,2.515457533067553819e-01,1.136348562691892189e-01,1.205048474429489813e+00,1.119906098092165125e+00,9.797866668307099181e-01,7.231512442124612972e-02,1.424489799078382024e+00,9.064395180929021301e-01,2.003401021213276623e-01,-7.081827929687308787e-01,-1.096925181865654741e-01,-1.347182480817606665e-01,-1.136286454940083290e+00,-7.927419253793550891e-02,9.731142217025616770e-01,1.427422939248663480e+00,1.872649245815072028e-01,1.274254505914226954e+00,6.961273294360827979e-01,9.994326571148439697e-01,7.733489147105563344e-01,7.377404396700226741e-01,2.070003288800651653e+00,-9.322355609804258147e-01,8.579657888711733627e-02,8.617901127267472983e-02,1.847590734686852532e+00,2.045940942193446688e+00
1.324586382232588955e+00,1.477474908460117087e+00,-5.076735492273741768e-01,1.359803470036702322e+00,1.326175476640293061e-01,4.938176206581244565e-01,-7.284012248729707650e-01,1.982586100351890979e+00,1.483187725302216986e+00,8.540918726714016307e-01,-8.266043529521865940e-02,1.236280759922572629e-02,-1.834018683900468516e-01,1.948678593638348389e+00,1.327735455338959314e+00,1.083484117142349046e+00,-1.204488799170945479e-01,1.097393867352381758e+00,3.721717353466946210e-01,2.387405449573565541e-01,-3.607074389647403900e-01,-3.937835322312159270e-01,-3.121391518191241055e-02,-6.654553048848201868e-01,-3.151542817204254221e-01,1.128291605812414611e+00,1.668127553769622295e+00,1.116754585416246837e+00,1.491137360791060074e+00,9.328363826036485396e-01,7.036333011845044005e-01,6.057029066901379322e-01,1.218816853060832761e+00,2.045836280949291819e+00,-2.832131685192228465e-01,9.129638685938612497e-01,-1.454839693042558335e-01,1.742196523862175050e+00,1.822738341496320080e+00
1.747070868066847638e+00,1.242032097879823382e+00,-1.601538383926225384e-01,5.349133413847224627e-01,-4.216300896867845038e-01,7.440995993603300995e-01,-5.286585060732063024e-01,2.335143906697649818e+00,1.669020375900265751e+00,4.602545097964031440e-01,-2.052643320928043691e-01,-9.395701872387828002e-02,-5.840643927186844886e-01,2.392500850270110835e+00,1.135318127856527859e+00,1.086251196331574187e+00,-5.458433284137866048e-02,7.928643829166526213e-01,7.122696121338431552e-02,4.045002178888037481e-01,4.172057425882582105e-01,-1.807089381558099062e-01,6.105132810606839211e-01,3.392241477317378684e-01,-3.798598522921516341e-01,1.440631233708247860e+00,1.894255095573715186e+00,1.853129872050356619e+00,1.574431416012813445e+00,1.068300122436249833e+00,2.680351106055889332e-01,6.849495092869342106e-01,1.631603294016261474e+00,1.865095635641324856e+00,7.204531462452210544e-01,1.914503588768591058e+00,1.052826359750759361e-01,1.675310039739841272e+00,1.797994475596624175e+00
2.185673641825560676e+00,5.566025582652605053e-01,7.964947863368001535e-01,-1.268279218810041686e-01,-4.732927441185340589e-01,1.037466377827449548e+00,-1.737536757881699701e-01,2.218112001750137452e+00,1.801700044303451875e+00,2.980988850270324120e-01,-1.619614430872207966e-01,8.867990004228849810e-02,-7.133584886727865060e-01,2.438963714330562027e+00,6.437320704533707749e-01,1.086016694052755804e+00,2.512480857204458240e-01,6.253784699098992039e-01,1.179853659791741671e-01,7.494175440736871030e-01,1.339862301805004652e+00,4.534382061510326967e-01,1.649062862045134636e+00,1.442528505754152590e+00,-9.667697616555992468e-02,1.404693523572507985e+00,2.095856774289093671e+00,2.105158351787673521e+00,1.333614145726996547e+00,1.215152645765209094e+00,2.327926960681850899e-01,1.117465525244562441e+00,1.912131530472775953e+00,1.927434444794256851e+00,1.454999693483080225e+00,2.632895974801789496e+00,9.160341309669791654e-01,1.702228908197836788e+00,1.656688797515021738e+00
2.162300910543306198e+00,-1.626112237680440165e-01,1.975946050241562890e+00,-2.011485438803705672e-01,-3.592155515719055309e-02,1.312762747648790196e+00,1.450826897489315148e-01,1.782625915006396999e+00,1.633148420249910471e+00,5.476226054592582271e-01,-1.169126960216084615e-01,4.517046625036949536e-01,-3.893738165771588600e-01,2.116515042002134805e+00,9.728607011855391895e-02,1.082638444410485290e+00,6.662523419220818255e-01,5.745028235824106710e-01,3.482537378948879492e-01,1.225316195341987990e+00,2.037712146720592532e+00,1.138836040319360920e+00,2.583901871725050370e+00,2.178015815403060884e+00,4.049166242687138317e-01,7.297874663041937771e-01,2.191725194673310284e+00,1.840731416566318002e+00,8.314675169238959773e-01,1.344275554427756036e+00,8.045862001273695885e-01,1.678444565681159739e+00,2.022076617295093026e+00,2.238815278782264162e+00,1.560688286730146590e+00,2.743903334471061051e+00,1.931989093402937785e+00,1.652066519196065952e+00,1.070691598221484409e+00
1.452491195051027750e+00,-5.293394852070416601e-01,2.838292272827865226e+00,1.536713473277490360e-01,5.172548074618186220e-01,1.441129728027632728e+00,2.604770722277701678e-01,1.293238710549486470e+00,1.090012640727040516e+00,9.985158355844886424e-01,-1.052152830304494968e-01,7.610642945679425564e-01,2.091095475557025740e-01,1.551178480657152470e+00,-2.059420074378039978e-01,1.040458416122141960e+00,1.053701955958935121e+00,5.529955789694189772e-01,5.028929341674968079e-01,1.694072897564947278e+00,2.305216009144355205e+00,1.495185111944408396e+00,2.898495089358224863e+00,2.324454055398275987e+00,7.810554489244919685e-01,-3.808682166851657391e-01,2.090407656649528878e+00,1.324132018761866814e+00,3.582670697899021373e-01,1.342107439466960095e+00,1.638405863469122759e+00,2.004223407149801517e+00,1.978265475401876250e+00,2.435861668409068148e+00,1.160212514275596352e+00,2.282022014763881224e+00,2.599477635034364909e+00,1.326441248324020661e+00,8.353638567616655797e-02
2.928020327501121289e-01,-4.342637181148262804e-01,3.042876351363030363e+00,4.220849896601386320e-01,8.151184946249411256e-01,1.340836058963644106e+00,1.730439591982909364e-01,9.930192868093623559e-01,3.885877913688648988e-01,1.253841168239294701e+00,1.753421338662844095e-02,8.724005360742934645e-01,7.033254163950716231e-01,9.360479528851741726e-01,-7.330661169315896841e-02,9.682671110529790237e-01,1.360899224555542242e+00,4.943118162969224461e-01,4.548917433121114073e-01,1.983558692418297520e+00,2.213392373691597026e+00,1.378903218242435669e+00,2.430524899863616639e+00,1.990576323909005296e+00,7.409995402833993161e-01,-1.350784945450513197e+00,1.778347482627049558e+00,9.448705068698686205e-01,2.076619230974325325e-01,1.156941349508726180e+00,2.111405057841571953e+00,1.909913361646464747e+00,1.843682312934600720e+00,2.144413491746599121e+00,6.923837132015017160e-01,1.605231709642862992e+00,2.578904288228895503e+00,7.140796276470505743e-01,-8.536091624791444232e-01
-7.663016307620554857e-01,-7.620648241826442904e-02,2.618989404678720323e+00,2.291157907121102177e-01,7.541391997230085797e-01,1.046003388133878831e+00,3.476700776283819794e-02,9.819662064301963866e-01,-1.059318400139247496e-01,1.061238530504954980e+00,3.956065297538597370e-01,8.153105711499459840e-01,8.418652580621092119e-01,4.829240103939332340e-01,4.393947100563060926e-01,9.203109556254135404e-01,1.609509464389065503e+00,3.856031756499292973e-01,2.798692336947319892e-01,1.959346429652122357e+00,2.005335302396107799e+00,9.185563133656466928e-01,1.472522566421081258e+00,1.467913010407977392e+00,2.680671133003835749e-01,-1.658670168165556902e+00,1.352809748746640395e+00,9.455123868482228078e-01,4.376967771259892559e-01,8.813068827235178704e-01,1.848237911390275157e+00,1.539614388658645971e+00,1.677508522239752553e+00,1.337825211946391590e+00,5.218727599508374837e-01,1.125527446804958087e+00,1.996644607406547589e+00,3.137114573830149938e-02,-1.245085447941823187e+00
-1.250720798940631262e+00,2.220145550492129138e-01,1.860766448599260992e+00,-3.265494416398440625e-01,4.793248062170252233e-01,6.709615825890646867e-01,9.021463960045938979e-03,1.165017529892566239e+00,-1.665271735956539434e-01,4.979759650689007389e-01,9.485332548975875522e-01,6.967719462817413278e-01,6.877710214553649504e-01,3.340797317633508179e-01,1.021703711958308336e+00,9.220838692186068553e-01,1.799773810325252965e+00,2.377234386789405518e-01,1.292519380617047908e-01,1.578309004132534055e+00,1.870863234939274422e+00,3.575276917356287054e-01,5.322098222163941239e-01,9.948429102293439019e-01,-3.689314308772206896e-01,-1.227439994556096980e+00,9.591312861558392022e-01,1.248623031416647100e+00,8.126439026525907883e-01,6.837046753577371572e-01,1.027904531356652384e+00,1.204141968975552146e+00,1.482709623804422616e+00,3.698467381898232764e-01,6.579491538219490732e-01,1.014888988317850016e+00,1.312384152969184203e+00,-4.419648830425118025e-01,-9.863327384513356222e-01
-1.087449394952956450e+00,2.603122873913659152e-01,1.079809829709120095e+00,-7.749176379607534138e-01,1.811172679472634051e-01,3.162736941623436326e-01,1.532240630609764953e-01,1.307455742810346155e+00,1.059860517409444841e-01,-1.091083099792844596e-01,1.354435069366276778e+00,5.601060097364938262e-01,5.061561628762162313e-01,4.678873158951254996e-01,1.286098225494277436e+00,9.180000843598125071e-01,1.836087213570185339e+00,4.561186580168712090e-02,5.233624938608182064e-02,9.089896050267016747e-01,1.794024016515071374e+00,-1.248103601983013289e-01,-3.478544383629381814e-02,6.317800668375647133e-01,-7.965644209494343597e-01,-4.606150244692714391e-01,6.779035882447849160e-01,1.524696415003030214e+00,9.738934334725549702e-01,6.564028740434687537e-01,2.053367325989666481e-01,1.055184340785769503e+00,1.203862127953102545e+00,-3.363247031048585134e-01,8.041861004623137577e-01,1.113528686243576926e+00,9.074457431953176778e-01,-5.827996784592557322e-01,-4.684529457291642940e-01
-6.124799423569045054e-01,8.742025074049974975e-02,4.337797412322619284e-01,-7.010659932294724950e-01,-4.993361360898416340e-02,1.453989662639510599e-02,4.259919454779356185e-01,1.181741539511502515e+00,3.594621409172522042e-01,-4.265993804526636013e-01,1.301732438208559106e+00,3.625435820408977050e-01,4.800048813608868703e-01,6.823932790962705663e-01,1.028359865799905792e+00,8.180396185952156785e-01,1.571525557397211559e+00,-2.080260021721942187e-01,-4.744931010272489258e-02,1.216726213682449015e-01,1.600256137041175863e+00,-4.603895227222477016e-01,-2.167561880311950073e-01,3.292285296535102379e-01,-7.584174991278948008e-01,9.108443767882355713e-02,4.594641689300327236e-01,1.459326772675422212e+00,7.024155220633030439e-01,7.313460165317506867e-01,-1.769430679030047082e-01,9.114923374923055155e-01,7.910175450505018135e-01,-6.442086091919789759e-01,6.673789631358778562e-01,1.100419934626667207e+00,7.549627148009332434e-01,-5.057841466504083838e-01,-2.474521285440514085e-01
-2.732988885932550738e-01,-7.341066934998877191e-02,-6.209058099815160242e-02,-1.174559192700175003e-01,-1.880976909819619958e-01,-2.366686250374447908e-01,7.794416807822961424e-01,7.211127893433719738e-01,2.753531090525702107e-01,-3.203585034288627398e-01,7.931414900633222409e-01,8.546157030344739280e-02,5.329851722700030825e-01,7.093347316530542734e-01,3.747150854271837916e-01,6.045412357591057884e-01,9.525811659007835663e-01,-5.105640938901641057e-01,-2.800121396966690490e-01,-5.483569942043854395e-01,1.154516212677065612e+00,-6.099836617589695642e-01,-2.339065602424869328e-01,8.672279978018319901e-02,-2.344787506579397440e-01,1.457821290524761171e-01,1.694808786699201486e-01,1.010895271204193646e+00,6.436642011431827071e-02,7.478428414163763582e-01,-1.406759038135150519e-01,4.246486047295205957e-01,2.814469074118542968e-01,-7.738772172493543211e-01,2.356324548470260793e-01,7.730246978019127413e-01,4.744590096075080865e-01,-4.384074782443252438e-01,-5.733317991492363763e-01
-2.817708620660854812e-01,-2.498099270287804444e-02,-4.163797170259021518e-01,5.317161745652964067e-01,-1.608808534169529625e-01,-4.059164841891552133e-01,1.209726305249465783e+00,7.013844901636599738e-02,-1.775334242839234355e-01,1.004959798055712616e-01,1.996341405190693030e-01,-1.671900530062458146e-01,4.209538623805759716e-01,4.034614390500049774e-01,-3.149182837351847120e-01,3.759391269701878868e-01,1.311162145642866816e-01,-7.959080657685504434e-01,-6.032178809100245953e-01,-8.688587037744424091e-01,5.283419661094951314e-01,-4.871311482663641113e-01,-2.664000031478822583e-01,2.159948616997199242e-02,5.775926371526287628e-01,-1.510270609917980511e-01,-2.846913869234100614e-01,4.464755186255834341e-01,-6.674862203449218878e-01,6.036518889258223330e-01,-8.323041672080576381e-02,-5.466679334618563812e-01,-1.808307962762750465e-01,-1.031610917066037025e+00,-2.192501427328832353e-01,2.028473034823921883e-01,-2.653165044721887966e-01,-5.074748200171824708e-01,-1.202070028591492701e+00
-4.959988428087322432e-01,2.406524023763798870e-01,-5.915561618292984880e-01,7.265847036226211753e-01,1.506674159814537783e-01,-4.160606041935013821e-01,1.696869502930900886e+00,-5.168478342647666590e-01,-7.342630135803133173e-01,5.817270226317965420e-01,-2.849354763898946652e-02,-2.220121267355542327e-01,-6.796897738668494088e-03,-1.353001860603998685e-01,-7.231619227184055143e-01,2.545486146912592784e-01,-5.833450106778013122e-01,-9.851445083130960789e-01,-8.122755694998428089e-01,-7.070487826456623992e-01,-2.101851070479785963e-02,-8.399003013901600728e-03,-2.886719952168355641e-01,2.652667582323442463e-01,1.365029174140539370e+00,-4.286671594010361130e-01,-8.509391310435304723e-01,1.211945840750870140e-01,-1.237506331309207841e+00,3.395691420028700835e-01,-3.565843592799546879e-01,-1.702321923874440701e+00,-4.273174321052876645e-01,-1.469301330545341511e+00,-4.001087499350772791e-01,-3.488494836468356564e-01,-1.356277999384606803e+00,-6.328944583375096800e-01,-1.650041959191345331e+00
-6.017983899943883941e-01,5.418628434176923081e-01,-5.553118347120369336e-01,2.843577264217297396e-01,7.561134990470271822e-01,-2.207467745915084878e-01,2.106548115177247382e+00,-8.620339293098491229e-01,-1.069418419167413647e+00,8.644136882152292367e-01,2.388044428984319734e-01,-1.337672149841751153e-02,-6.293188731734399299e-01,-6.201082486435939289e-01,-8.053310621858269513e-01,2.327436601841794128e-01,-9.225155842780830007e-01,-1.067543032668825553e+00,-7.232862682203958782e-01,-1.205843724378597021e-01,-2.522425552594071974e-01,7.582689410846706890e-01,-1.491199615931044498e-01,7.863522979477853836e-01,1.822628832559402223e+00,-4.450395901122030096e-01,-1.343762026398441556e+00,1.827796768875782629e-01,-1.582837465263818855e+00,7.868400937322070354e-02,-9.179855102926008925e-01,-2.456549631021085922e+00,-3.992952544391327185e-01,-1.807838831604390073e+00,-2.534577156984022528e-01,-6.614624424753439147e-01,-2.245925267464401465e+00,-6.260692080729044484e-01,-1.641654464072354713e+00
-4.123758908228861153e-01,6.626602317320000601e-01,-3.788662628246248776e-01,-5.039993871271835069e-01,1.413055054720535386e+00,1.038159023987507840e-01,2.197032366493634203e+00,-9.895695003017673796e-01,-1.063011754605320824e+00,7.902334936229945539e-01,6.657434020536719954e-01,2.963848837057113106e-01,-1.123546469753164079e+00,-7.888632931831339734e-01,-7.761980966316895936e-01,1.242590180450738047e-01,-8.550959424594852809e-01,-1.139239693185474023e+00,-3.862495257773790325e-01,6.194604421616952683e-01,-1.527805740842446691e-01,1.507022783442341529e+00,2.097255168171207607e-01,1.328607490257392110e+00,1.767145514464829592e+00,-2.700667011900680925e-01,-1.568924095506442740e+00,4.509842830148292903e-01,-1.819696572215525832e+00,-1.082006451780089945e-01,-1.371002016990126471e+00,-2.390165398315322154e+00,-2.226288983007864708e-01,-1.704389122533508827e+00,-4.329868528537550703e-04,-7.208217965569904129e-01,-2.358670610217735941e+00,-4.017814304098691891e-01,-1.329245185895762349e+00
-2.332464571419184257e-02,5.322461636403869045e-01,-2.500543232974056229e-01,-1.103884958306874831e+00,1.705396092324489743e+00,3.616870222360736298e-01,1.784971140459380878e+00,-1.082911656704776737e+00,-8.618110993918676188e-01,3.536349631119032888e-01,7.188326385594909773e-01,4.044927935768941607e-01,-1.213753966108955806e+00,-6.065986801711390486e-01,-8.670378255387924948e-01,-2.885942737109195022e-01,-6.082114614967324417e-01,-1.335835747357760894e+00,-1.040495299799835821e-01,1.122854745495881490e+00,2.600572206434054526e-02,1.806428707066764172e+00,6.244435534401356902e-01,1.555676941400559343e+00,1.224658332905255165e+00,-1.545310114441862392e-01,-1.464634653133733977e+00,5.748197053748179686e-01,-2.068855411046169213e+00,-2.644102031610808257e-01,-1.343354607162381864e+00,-1.619111266878229483e+00,-1.419106908138752232e-01,-1.112036676262807111e+00,8.944789776872121012e-02,-6.830159379373510475e-01,-1.595159124100285375e+00,-1.032912535176451346e-01,-1.089249299492858425e+00
2.934489345726616349e-01,2.800867179159797771e-01,-3.553730720497432216e-01,-1.130050210231550167e+00,1.348449340718957279e+00,3.657622190058785194e-01,9.495306553415920892e-01,-1.303607008240443177e+00,-6.929683214060684548e-01,-2.943580632543569831e-01,1.359141756420918778e-01,1.141629191024057105e-01,-8.782284400597802909e-01,-2.904848457175651655e-01,-1.078571070592117209e+00,-1.013489453714795818e+00,-4.826471852733015822e-01,-1.688811001088948771e+00,-1.947975465663697725e-01,1.073098840007164378e+00,-4.361487551006316965e-02,1.375876825267057901e+00,8.118984101989495938e-01,1.298958904901621025e+00,4.447727067735687267e-01,-2.372826896762848248e-01,-1.144757044645390742e+00,3.313849890225170625e-01,-2.288439857124329180e+00,-4.685890466454384895e-01,-8.413322972092078800e-01,-7.398310938560630490e-01,-3.429715341911712678e-01,-3.852325128597938741e-01,-4.028627403529975309e-02,-6.896208659461454671e-01,-4.647311731083391129e-01,-1.181448326637551775e-02,-1.106363729039496091e+00
3.395791959662374238e-01,1.209289411605934811e-01,-7.251868128377536582e-01,-5.926258585054035022e-01,4.737793063337740751e-01,9.674325252131868447e-02,7.138652855170030120e-02,-1.624059252157246780e+00,-6.167182410419430605e-01,-9.003884116871675447e-01,-8.163278631801260676e-01,-4.816023092061760824e-01,-3.455945043975621744e-01,-1.305922793780610602e-01,-1.168442725234618562e+00,-1.739591130994065482e+00,-6.077775622821079970e-01,-2.024287116075811799e+00,-6.813387374232122706e-01,4.179809625738715728e-01,-4.985091950347548262e-01,3.214342859377176120e-01,6.088240474400937741e-01,6.933580812309022567e-01,-2.082635676665534064e-01,-3.871783749287969201e-01,-8.069115602240439777e-01,-1.922056389708540758e-01,-2.272118935132151574e+00,-7.005851655274273337e-01,-2.562916385434181876e-01,-3.637185236742905836e-01,-7.950841567915002406e-01,-1.615427622759050066e-02,-1.872416501332871408e-01,-7.197679968200595413e-01,2.938910039900825000e-01,-3.049881221466638204e-01,-1.161155334872504774e+00
1.522399839900366314e-01,1.661888295292429374e-01,-1.187693224749546417e+00,1.659737304861430562e-01,-3.926135551558719294e-01,-2.533605954248018821e-01,-3.844246879485506141e-01,-1.823927300460249645e+00,-4.611896104179410427e-01,-1.225960699488238159e+00,-1.538791067742951935e+00,-1.063320607769118409e+00,9.235573659874064811e-02,-2.516153081715626905e-01,-8.986584797170933392e-01,-2.006364053346540111e+00,-8.396996008139366863e-01,-2.017120649392927234e+00,-1.193787692124016697e+00,-5.710083329127252361e-01,-1.154479359082329681e+00,-8.789334094921845697e-01,1.259251651481460565e-01,7.074446609524223661e-02,-4.664840958920378755e-01,-3.381506277387221204e-01,-5.787898745917406940e-01,-6.878195350141582676e-01,-1.822257200504503460e+00,-8.063766073595267647e-01,-2.751162220841646758e-02,-6.166890663038883114e-01,-1.246126894363571491e+00,-2.290729275319955960e-01,-1.034126179901534853e-01,-6.205966108676508330e-01,3.028866693754732053e-01,-8.738838058072164738e-01,-8.413267042687468944e-01
-5.814775064705040436e-02,3.220825511346659398e-01,-1.486638954490046238e+00,7.506133231556850749e-01,-6.983843925791436424e-01,-4.137634366694025179e-01,-2.060177657863652423e-01,-1.663959910668433961e+00,-1.036998527683816174e-02,-1.181256574388180658e+00,-1.592539297914151719e+00,-1.352181030346182977e+00,2.788042346845276409e-01,-5.140548024878068833e-01,-3.155669762633717679e-01,-1.553056367694227946e+00,-8.885640276002680915e-01,-1.399539463299610986e+00,-1.214213205944780771e+00,-1.432792805057471641e+00,-1.625760979224943670e+00,-1.667533614447527457e+00,-3.302968692809717388e-01,-3.074593019539637595e-01,-3.442928536378304649e-01,1.135849724692929510e-02,-4.286510418710572923e-01,-9.005679518061548983e-01,-9.507566049915414652e-01,-6.237231432966346967e-01,-2.738783237198949005e-01,-1.031554184693333376e+00,-1.392102845906973752e+00,-7.937134841867364843e-01,2.364048667080988486e-01,-2.839327093672691094e-01,-1.537773956148768828e-01,-1.371363024361340610e+00,1.478178921792982353e-02
-1.230261413053962000e-01,3.643216147622059808e-01,-1.470668233691883264e+00,9.696720317262222943e-01,-2.969964626770179583e-01,-2.503699714531336662e-01,3.788683888044326320e-01,-1.095812140320310046e+00,7.277587707602095612e-01,-8.811071124636996599e-01,-1.058896208317388066e+00,-1.335477711549193591e+00,2.514019508017059090e-01,-6.382893140756727979e-01,2.182296081973102708e-01,-5.663289368210500108e-01,-5.689050598643504708e-01,-1.864620163129420694e-01,-4.957053183164653043e-01,-1.779065799723491770e+00,-1.609024719418020277e+00,-1.775663815152496605e+00,-5.043603650175243480e-01,-4.506034407735138303e-01,-1.430074238588191216e-01,4.311388756057658034e-01,-2.157401589469233050e-01,-8.417119463088222897e-01,6.963222813190368676e-02,-1.624949548167679281e-01,-7.171952087786155339e-01,-9.411585873973983274e-01,-1.101978445660768413e+00,-1.222018660539666790e+00,5.703677492183956144e-01,2.027018457842321431e-01,-3.863228152597196763e-01,-1.470261820821012089e+00,1.071521356575186434e+00
-7.989846194417390968e-02,1.292477759463080966e-01,-1.197730730255099019e+00,8.892178955035722199e-01,4.286478132303878641e-01,1.126313436806762880e-01,8.426079361819345248e-01,-3.292959875134647274e-01,1.434909814358519720e+00,-5.587468904171120077e-01,-4.490108580208306832e-01,-1.233501849398640271e+00,1.559122230409109855e-01,-4.482781461146825852e-01,3.070818458072296364e-01,4.033325796508979710e-01,3.399485092478062020e-02,1.261920444671994490e+00,6.892516108751388648e-01,-1.521619716378189491e+00,-1.115610625900889552e+00,-1.389932841172541789e+00,-3.958121890236034890e-01,-5.996563336424727275e-01,-2.306913897212145570e-01,5.101988598288094146e-01,1.582707111602607297e-01,-7.549006167206210316e-01,8.591786859526854281e-01,3.403141846029995032e-01,-9.422183406687621998e-01,-5.581442423176491419e-02,-5.265124555233611225e-01,-1.170351235470505236e+00,5.604113959469199102e-01,5.797842816541037836e-01,9.415395935894856072e-02,-1.123485735888440029e+00,1.707799115617959274e+00
-1.363472360973435327e-01,-3.417584747631182696e-01,-8.747186933881156978e-01,6.951195645992570560e-01,8.753195770735258119e-01,3.737357701121539755e-01,7.356645248315004659e-01,3.034374748675244260e-01,1.685059984489172935e+00,-3.854140078760796007e-01,-2.447704430401986542e-01,-1.237492331516119481e+00,1.208303988241729299e-01,-3.243880547340033393e-02,-1.106047106840049588e-01,8.188231561675188841e-01,6.142368998837529626e-01,2.415831834106102249e+00,1.702006497547076780e+00,-9.133379268365392489e-01,-4.756144609935141765e-01,-9.843562747763882070e-01,-2.524228270226814841e-01,-9.872311415617950336e-01,-7.424724286103829840e-01,1.949052843728196760e-02,6.225511687922858917e-01,-8.762578213361484902e-01,1.177076130218369210e+00,5.680304351234871651e-01,-7.425554136697691821e-01,1.255739029132285856e+00,-4.092749396572474205e-03,-6.958028932471168604e-01,9.223836713942638876e-02,6.018230768672033770e-01,1.130254123053977322e+00,-6.045345049896654332e-01,1.525330756028568935e+00
-4.682578009185482393e-01,-8.316901845050278519e-01,-6.954786743517022973e-01,5.182535699679319263e-01,7.077563666977985113e-01,2.798308535945876474e-01,9.722028005922882590e-03,5.753280608647241001e-01,1.279213823769373093e+00,-3.428344348741942382e-01,-4.825924948851299523e-01,-1.279446650793713891e+00,1.926108168003055066e-01,3.099690980429114506e-01,-6.490631328405361833e-01,5.355584794225101142e-01,8.644430355867622762e-01,2.886472322071146124e+00,1.996668539607679094e+00,-3.745145308387692884e-01,-1.130345163297542949e-01,-9.464119586490163938e-01,-3.690035510497713944e-01,-1.612042230922551056e+00,-1.443609872490241086e+00,-8.300263388664987918e-01,9.475875826284323455e-01,-1.212650628629801552e+00,1.071463577139701862e+00,3.622849946591930603e-01,-2.532232250184873745e-01,2.221618755937564416e+00,1.671749025744114492e-01,-1.617176409440060914e-01,-6.080490978424848425e-01,2.247205428570794028e-01,2.015666587017089562e+00,-2.853005583681960666e-01,7.039131497418272820e-01
-1.033398588515854311e+00,-1.128399159917421013e+00,-7.169218392270283458e-01,3.703703993397359784e-01,1.085884956061616557e-01,-1.821965818032257600e-01,-9.686188560167353634e-01,4.973260085695360155e-01,4.232747551502087369e-01,-2.708041735916236203e-01,-7.505834652746462554e-01,-1.077734339085899773e+00,3.431067975691503569e-01,2.915643286865990946e-01,-7.520023920866443223e-01,-1.215401404161687432e-01,6.864333820399547426e-01,2.655078145384476063e+00,1.523472327378727620e+00,-2.237966853074073725e-01,-2.611163258040890001e-01,-1.287689069510918216e+00,-8.633219238242285654e-01,-2.225770007204213918e+00,-1.891025735848955280e+00,-1.482674335694242895e+00,8.987649856090882405e-01,-1.538279981472165714e+00,8.233108644485760408e-01,-1.544707784697522124e-01,2.100937369623263329e-01,2.254243466971393328e+00,-7.978191174925845786e-02,9.334138608400037451e-02,-1.149392534398791632e+00,-3.662111362216822763e-01,2.059146363081334918e+00,-3.302217981163127480e-01,-1.242319061532173863e-01
-1.566210008970650991e+00,-1.198001284998272853e+00,-8.600219582726859047e-01,2.110677227488561292e-01,-4.196929440388660337e-01,-7.770456258662318261e-01,-1.712242594526625306e+00,2.583556320243326487e-01,-4.146900602551030213e-01,-5.998913139293116092e-02,-5.934880635378662062e-01,-4.374040656433795804e-01,5.004748603103998938e-01,-1.494881960489180817e-01,-1.509370743008101312e-01,-6.382588734682400622e-01,2.385220359446766358e-01,2.054043007717119007e+00,7.463254977089845976e-01,-4.954483701968241394e-01,-8.212111009149134500e-01,-1.660708108574514563e+00,-1.597971926630478379e+00,-2.536776015388540362e+00,-1.783785803468127318e+00,-1.440702112955219549e+00,4.215976499041138581e-01,-1.603900931774594474e+00,7.349270136653061058e-01,-6.812549886381643605e-01,4.222822256913824068e-01,1.394526825145885329e+00,-5.633055094552504860e-01,1.510721460395741435e-02,-1.288884319735198902e+00,-9.031260288233899924e-01,1.146274411526476467e+00,-5.616401370211181465e-01,-3.833440029861513443e-01
-1.762510343109142896e+00,-1.194863783310877503e+00,-1.001415527145520734e+00,4.655661777847545924e-02,-5.124211723436076227e-01,-1.192060381920393208e+00,-1.962448030892005146e+00,4.345271543028209060e-02,-8.543849082323222710e-01,1.888581234936692610e-01,4.924895885765302045e-02,4.815357466112265006e-01,5.741119997246227902e-01,-8.058126393457000214e-01,8.840225902308611605e-01,-7.073352476597436489e-01,-1.943425109645953441e-01,1.515142615517159230e+00,2.572916509538620278e-01,-9.553068719007621334e-01,-1.449981531094019838e+00,-1.657765919419299294e+00,-2.279635950023687130e+00,-2.442820931436114673e+00,-1.216190882497248049e+00,-6.594466054081313811e-01,-2.864906131126805922e-01,-1.358113904816227624e+00,9.258302769275490451e-01,-9.738798026869872615e-01,3.827562418609700146e-01,2.634201319088397275e-01,-1.004104966516184083e+00,-1.883754082838997590e-01,-1.106569624368756610e+00,-1.220102531528689971e+00,-1.629286365192436636e-01,-6.120633914848638835e-01,-5.646654813042360083e-03
-1.503201970516765629e+00,-1.296512955843673209e+00,-1.051605278000300681e+00,-5.041625089549938571e-02,-2.448260341669705464e-01,-1.242354053315120943e+00,-1.809991156454869188e+00,-1.000732991126389304e-01,-8.646793088607335198e-01,2.120042132505271792e-01,7.730190923957831473e-01,1.214857439804277961e+00,4.919152494861596669e-01,-1.346092359740868716e+00,1.731108924523108605e+00,-4.147342309050526810e-01,-3.896203712840740629e-01,1.273092746664030717e+00,3.053394240191193432e-01,-1.281734825786637000e+00,-1.790312136497571149e+00,-1.144462307676098467e+00,-2.630451509919716546e+00,-2.087213552110002812e+00,-6.083822836842485149e-01,3.892111385844774785e-01,-8.820945814672316310e-01,-9.755929215588826642e-01,1.278297526520278060e+00,-1.004790382315418285e+00,2.314153460605397616e-01,-4.201610106285625368e-01,-1.213139605227183226e+00,-2.829335198493060921e-01,-8.945007223848293609e-01,-1.316951119399926595e+00,-1.068774370378048344e+00,-2.398237852786063440e-01,5.621302332162998461e-01
-9.375475580843912748e-01,-1.514498085177750086e+00,-9.568978292589944701e-01,-1.858137133118473866e-02,-1.442633091087354089e-02,-9.530340319081125333e-01,-1.520281599566064568e+00,-2.366047092560046028e-01,-7.183714537424708002e-01,-1.716400107579968137e-01,1.066684910006109543e+00,1.363074232728408219e+00,2.643149295751223149e-01,-1.526159593573666262e+00,1.899966525176977061e+00,-8.635315616801365890e-02,-2.978703901192724102e-01,1.240846501068163299e+00,6.270141648646265775e-01,-1.267831066136386520e+00,-1.672409590681682934e+00,-3.598383907659651326e-01,-2.503080371366395163e+00,-1.700552629502264601e+00,-3.563743521646195456e-01,1.047483776558185919e+00,-1.088505195390012448e+00,-6.732195119076122003e-01,1.550809646743004366e+00,-9.164889872567233420e-01,8.011009029942230131e-02,-3.535230757692190418e-01,-1.171953582077879474e+00,-2.066163556911333188e-01,-8.704493169694464960e-01,-1.268143206847292648e+00,-1.129156325078527257e+00,4.528237798728344532e-01,7.851068030685556254e-01
-3.660821332800786587e-01,-1.663155761863973625e+00,-6.602001866149513898e-01,9.826773491216689305e-02,-1.287997826869760054e-01,-4.798977410068653859e-01,-1.255019519105182280e+00,-4.010369277629932672e-01,-6.929816708674106929e-01,-8.261635621685727848e-01,7.691002317123991627e-01,9.610736531058191590e-01,2.980058324184021307e-02,-1.312310454624991518e+00,1.408773728361315314e+00,3.742397969546201048e-02,-2.457352613737696229e-02,1.134589147624967431e+00,7.100824562481391489e-01,-9.072255350741598168e-01,-1.160095851222059382e+00,2.892394899732025348e-01,-1.895094875745795937e+00,-1.385473154736050594e+00,-4.925132669441884548e-01,9.436281279196871985e-01,-8.606202242984473116e-01,-4.953178983586667972e-01,1.556250737860850997e+00,-8.339904421824725356e-01,-5.433333202110473409e-02,2.023520464129204000e-01,-9.664625446496347694e-01,-5.164685692464847377e-02,-9.787846420267786174e-01,-1.089872412049360140e+00,-5.363522315638139526e-01,1.079435416009152604e+00,5.056560707740900273e-01
-2.507606743324345550e-02,-1.529314468023043938e+00,-1.034556977827921220e-01,1.446626224864828170e-01,-4.917065960877793906e-01,3.438899227018878124e-02,-9.546744990947586551e-01,-4.956844107144452449e-01,-7.933169063276643840e-01,-1.312512085667884687e+00,2.051430183787405215e-01,4.922497240989452960e-01,3.739251218725011486e-03,-8.522627758229674999e-01,7.386063602968881980e-01,-9.907372832209189375e-04,2.654707494316022043e-01,7.332526398913090659e-01,2.558252096241544482e-01,-3.328181292002778680e-01,-4.488115607333132417e-01,5.614153376386409322e-01,-9.098268097877192373e-01,-1.046326609718780887e+00,-6.541649611547338816e-01,2.431724083250015600e-01,-3.837110848073627123e-01,-2.763804203559123152e-01,1.273558759591273182e+00,-7.285753094573939048e-01,-1.697204308764100056e-01,7.156904785517478329e-01,-6.616754730860349154e-01,1.095147450629356534e-01,-9.542541462038758304e-01,-7.099009567249184860e-01,1.179575724239633611e-01,1.257150030572817379e+00,3.475723492738722747e-02
5.459112385516410454e-02,-1.094873974388590687e+00,6.983701060176459308e-01,-3.823997697433195037e-02,-6.821239928085377491e-01,5.367409481031077956e-01,-4.733362190427927163e-01,-3.396680612356873241e-01,-7.480515803763230220e-01,-1.188953979920993831e+00,-1.211746614702321201e-01,4.913639506929591838e-01,3.172715956926442371e-01,-3.489319030365536367e-01,4.100794035583980590e-01,3.242018037089876292e-02,4.366658513645816919e-01,6.323967206625127901e-02,-5.563293743537630620e-01,3.077416910759303570e-01,2.747706821131729593e-01,5.628112895718864195e-01,2.742879664106977478e-01,-5.242275067423648460e-01,-4.027835459377146488e-01,-5.025773697500338644e-01,8.309822917167131173e-02,1.797264693581230310e-01,8.320559012490617024e-01,-4.635088565392451176e-01,-1.765913089538432568e-01,8.327849665229603016e-01,-2.435349618854812659e-01,3.370915373726565689e-01,-5.844947912852299643e-01,-7.506296865530705242e-02,3.511311043132500087e-01,8.878720955796567393e-01,-1.907592826617499349e-01
1.259593130270431592e-02,-5.968507973560140956e-01,1.578566767869553855e+00,-4.639469151645314038e-01,-3.514688538877641655e-01,1.025228925760661935e+00,1.910953826337324357e-01,1.626619244271708675e-01,-2.839666699838125918e-01,-3.735927905779005131e-01,7.141149250880217056e-03,1.060649296288549426e+00,8.565772630334317350e-01,5.539629668145697183e-02,5.498762119085054412e-01,2.960103804795614635e-01,4.206996282623083339e-01,-6.263696405062412209e-01,-1.220595525282893723e+00,9.258642314622114178e-01,9.010334397358571445e-01,6.273018252043951470e-01,1.417465721652996891e+00,1.944662178558194676e-01,3.690014814164018220e-01,-7.775657513357362438e-01,3.883595637038276815e-01,8.712254100748400010e-01,4.066255992181328494e-01,3.281420785051120809e-02,7.661117074210936628e-02,6.053569208781854893e-01,3.224115724831553842e-01,7.393768333199214338e-01,6.691480851786031636e-02,7.117721305521340636e-01,1.335746777192656776e-01,2.121369235761130234e-01,-4.832819908108984541e-02
-5.077791718620707113e-03,-3.409141453591261195e-01,2.237525983797752360e+00,-9.307001332587524489e-01,4.310262996145743375e-01,1.462629736468712416e+00,8.174015713415292428e-01,8.863964948563135549e-01,5.700718317154640502e-01,7.424143158734277659e-01,3.233682730667286620e-01,1.732175501769983583e+00,1.265042644961079876e+00,3.169254488153293581e-01,8.157706693400956777e-01,6.940215327319299021e-01,2.163826295882043116e-01,-1.058416764332803517e+00,-1.331817114417277237e+00,1.469885101398270555e+00,1.369254024415892834e+00,9.965010761456569721e-01,2.253577036959982571e+00,8.950596335265813552e-01,1.292182380187258062e+00,-4.625033089083949722e-01,5.520566447960674195e-01,1.538295458859375353e+00,1.115981333416247168e-01,6.465005948129662894e-01,6.473882441336162863e-01,3.449150956251111899e-01,9.830819544225294360e-01,1.281112477669167804e+00,6.730341301062340298e-01,1.372531622297661347e+00,-1.890610064973902160e-01,-3.901872669327982046e-01,1.486538212500138900e-01
9.453875967706599354e-03,-4.104790767629333814e-01,2.389200914001847309e+00,-1.100999334906354710e+00,1.204453630241245632e+00,1.745804597775270084e+00,1.126306612531055018e+00,1.515980708579607317e+00,1.428294602632056209e+00,1.554402420397041462e+00,3.323717064105129460e-01,1.828120637209901700e+00,1.164922392837552945e+00,4.600583791774603415e-01,7.308533459406185706e-01,9.529171390263897479e-01,-1.208065071204856150e-01,-1.124132917057282022e+00,-9.160644326031281981e-01,1.859935612756982160e+00,1.608377072070936942e+00,1.569627592060077070e+00,2.569369269333572792e+00,1.261248023188444201e+00,1.775622670635895073e+00,1.242915359481398668e-01,6.737049448652357997e-01,1.838104868540779924e+00,-4.167159613436500348e-02,1.135614667232890396e+00,1.365505044325437289e+00,2.802472782951076491e-01,1.558928138928632023e+00,1.709638494791921870e+00,8.786836671205200400e-01,1.597611263856578478e+00,-2.748649766045273557e-01,-6.726756802141805602e-01,-4.016509941791030630e-02
-7.173451805038280615e-02,-5.324320040349401761e-01,1.946346027357076514e+00,-6.964433295477752139e-01,1.489886201066896509e+00,1.768307344569127526e+00,1.039017021605215252e+00,1.732369556020558088e+00,1.805442039994651582e+00,1.685618795619467036e+00,-2.107051005410716382e-01,1.035659662707123729e+00,4.578739196933436784e-01,5.313097385011765761e-01,1.241580041967572379e-01,8.726209315183194315e-01,-4.934951214203453507e-01,-9.311380862334218689e-01,-3.874695474021803143e-01,1.971093089131485954e+00,1.529771213140828978e+00,1.941162387700686720e+00,2.295331677465652920e+00,1.109942953588686443e+00,1.462636161005407276e+00,5.082324554093621272e-01,7.814387427200871761e-01,1.609524994862585823e+00,-1.175954845090832340e-01,1.313002399762172034e+00,1.879145039127263939e+00,3.392272714562897806e-01,1.831147599762778633e+00,1.719244191218582296e+00,5.604100298559228088e-01,1.249128563879677190e+00,-1.057884260816314426e-01,-6.460768164933493596e-01,-7.315645747059392745e-01
-3.624205431895065610e-01,-2.515342766441318045e-01,1.102235180386625935e+00,3.111348227071569772e-01,1.173037017193480525e+00,1.515716496116951806e+00,7.745338613883914203e-01,1.415559164856408092e+00,1.478446034584739888e+00,1.253453350348958661e+00,-1.030592336653846974e+00,-2.890586302476422786e-01,-5.436101173932008646e-01,5.740437364218428096e-01,-7.054911939066573767e-01,5.135126429019136740e-01,-7.929840346388414840e-01,-6.889302144182011256e-01,-1.833000352155995660e-01,1.703556550134917247e+00,1.093350956438703614e+00,1.711831207393730292e+00,1.545842254523207782e+00,5.418768666585684901e-01,5.210936009951582237e-01,4.256631984972432114e-01,7.681812430230252620e-01,1.002156945301013513e+00,-1.965228058602737082e-01,1.180111438386773015e+00,1.878292682673305070e+00,2.339650409984865287e-01,1.694685792041285666e+00,1.228442849468943665e+00,-9.123126211566648380e-02,4.622301978752866303e-01,2.165984149443217141e-02,-4.776114996874588070e-01,-1.547845114516673837e+00
-7.917212826194021114e-01,6.944670440095166430e-01,2.343798825299044375e-01,1.637245389688514630e+00,5.602117224351468305e-01,1.099105453353512729e+00,6.729896589799425621e-01,7.100760364101342814e-01,6.547806947930876476e-01,7.412835461459063024e-01,-1.518954737068920480e+00,-1.355368139522600712e+00,-1.294181612534460291e+00,6.213463324707104718e-01,-1.232192408073688794e+00,1.490380505103474085e-01,-9.432723405529507277e-01,-5.489339835986145610e-01,-4.027715619228350308e-01,1.086867027091677373e+00,3.882170884024293556e-01,8.325056802457491134e-01,5.771528941734185292e-01,-1.074925460322400106e-01,-4.655288023078426596e-01,8.698268875061556738e-04,4.812765451961798502e-01,3.651130990453358982e-01,-3.233308453802037352e-01,8.907670795731251756e-01,1.322519559654686816e+00,-2.521675659970477046e-01,1.248554430485576017e+00,5.051734459864521964e-01,-7.092219857963335539e-01,-4.344844197843622524e-01,-2.052430299828771898e-01,-2.898064162530097909e-01,-1.893776159613257182e+00
-1.068822061103832821e+00,2.097940755890250308e+00,-3.092106418026441816e-01,2.799430192834387210e+00,7.935217699970115168e-02,6.899358598873431836e-01,8.895544861266909686e-01,-8.285072038035409814e-02,-1.852245814202362617e-01,5.877501405823513103e-01,-1.224102496762368375e+00,-1.525239157894229702e+00,-1.389514717206664862e+00,6.880998084759138989e-01,-1.128607313472265616e+00,3.527593969550366082e-02,-9.302733434548496882e-01,-5.325453775413879764e-01,-7.574625573403844792e-01,3.200124224581867294e-01,-3.567834403990897685e-01,-2.962910228837446480e-01,-3.089815963506710172e-01,-4.679561309112043599e-01,-9.139836118638793305e-01,-3.763688018219365494e-01,-1.095902831619483403e-01,-2.492498504799637530e-03,-4.850332402655433972e-01,5.953293435261703959e-01,4.841111572872859314e-01,-1.043003101889539375e+00,7.389783646558415464e-01,-6.815992104394174612e-03,-9.782556910061244171e-01,-1.112296959074405844e+00,-8.133352684935807320e-01,-5.700425172019528419e-02,-1.446404970056435424e+00
-8.420900264260634538e-01,3.348678366520430494e+00,-3.930238519867472746e-01,3.348491430159903803e+00,-8.344995446484822221e-02,4.096173079628961933e-01,1.235206355525067190e+00,-6.871746652353529772e-01,-6.344060852640689419e-01,8.426250833817205965e-01,-2.274473723343968523e-01,-7.736943429666364169e-01,-8.433752757023352808e-01,7.602084440713695601e-01,-5.086813624348824892e-01,2.109111762445008142e-01,-7.886006155114806404e-01,-5.806566382232868362e-01,-8.569732045990687830e-01,-3.065190399188796877e-01,-8.652144105380442651e-01,-1.062211326319618454e+00,-8.604938582265463376e-01,-3.318248126985480217e-01,-6.337910436480861387e-01,-3.546038960502864157e-01,-8.206424235145580726e-01,-3.148877416873047119e-02,-6.185278758164468593e-01,3.302106235023189451e-01,-2.292896113758223775e-01,-1.801409993751436955e+00,3.917974170631401964e-01,-3.098936206022616380e-02,-7.845326221003601219e-01,-1.402137091766173516e+00,-1.498559068460244337e+00,3.128181406561193478e-01,-4.328833479338085044e-01
4.133076837090089717e-02,3.823626025043920240e+00,-1.288950434604816120e-01,3.084031822727446581e+00,-8.515915034721528720e-02,2.639473815721000705e-01,1.319142175018891194e+00,-9.696593762495114843e-01,-6.127961903763482487e-01,1.173357079382076895e+00,9.063567745866881742e-01,3.390459743961418138e-01,-4.367536423074369623e-02,7.990753163168170525e-01,1.985514239984952078e-01,4.990381612180597726e-01,-5.543204169055153674e-01,-6.432292331548300490e-01,-5.597093866048287181e-01,-5.644318013513686116e-01,-9.551005403665518978e-01,-1.047909669644490505e+00,-9.372304799454832525e-01,2.733648817684026788e-01,9.376009732024913335e-02,1.282895212930976470e-01,-1.336252863298695193e+00,1.346768838458739515e-01,-6.410742482305770151e-01,5.968641485722199491e-02,-5.290010478865561083e-01,-2.170088428382704215e+00,2.653776258587342007e-01,3.300970677590169267e-01,-2.173567764050582385e-01,-1.321239086164129661e+00,-1.854455317363714384e+00,8.100441559899492772e-01,5.415673576212234330e-01
1.363903283552525547e+00,3.312351588758559284e+00,2.379873985670724890e-01,2.132834047100567343e+00,-2.032396706114449614e-01,1.674088310364352794e-01,8.791621751658693640e-01,-9.337163525941730713e-01,-3.466802568178004584e-01,1.196708164779049843e+00,1.554017043506684903e+00,1.128229997968285714e+00,5.671189002119364497e-01,7.720859253645409037e-01,6.051346244152709941e-01,6.882380084163659539e-01,-2.279502046413973693e-01,-7.053722652788958491e-01,-7.402822476646936378e-02,-4.100865029025267949e-01,-6.320600193415693013e-01,-3.067352900411612904e-01,-5.451420760395887521e-01,1.142372930086759109e+00,7.734569841923960576e-01,8.174522323586514982e-01,-1.414842388192298017e+00,3.025878890280176425e-01,-4.918637302799266919e-01,-1.922288672848829760e-01,-3.874661024143024601e-01,-2.006920201566577244e+00,2.414823926066891613e-01,7.078227104759096111e-01,5.224614282556837574e-01,-9.875104755296613135e-01,-1.660627973979202920e+00,1.255509098872994223e+00,9.646270253900500746e-01
2.600745119567618335e+00,2.153334669614603403e+00,4.906274081972445411e-01,8.543417031200404299e-01,-5.323240681873049329e-01,2.348831210048197421e-02,1.489330312737080671e-02,-6.427872580852846962e-01,-1.282740202630626991e-01,8.300155964109773299e-01,1.478311068291234598e+00,1.275565566900463965e+00,8.086638031803312643e-01,6.895059954904838584e-01,6.333133649351957439e-01,7.129168661305531618e-01,2.138538943566922479e-01,-7.318496138194736655e-01,2.681255697725437592e-01,8.594134553336553461e-03,-6.830284964832722405e-02,6.914097814541635412e-01,1.504048106803660967e-01,2.000120653992169206e+00,1.055505657894761473e+00,1.332418916911402684e+00,-1.056376073802084870e+00,3.739552450972080666e-01,-1.674290448751866722e-01,-2.850657702781086433e-01,6.423491828685691171e-03,-1.432032893037718635e+00,1.579412705029510644e-01,8.043657254160315739e-01,1.213657368245069756e+00,-5.226483861982942347e-01,-9.979645489855379914e-01,1.423816818359136649e+00,7.900110382495082462e-01
3.205246051385871819e+00,9.811365888295285886e-01,5.372157174891910580e-01,-3.575636533267931849e-01,-8.989850252798086139e-01,-2.112937725191037230e-01,-8.786671417135881734e-01,-1.695895460791550791e-01,-8.015979871358684672e-02,3.520726703991340911e-01,9.472278062927640407e-01,9.626635230090820894e-01,8.140066911619125989e-01,6.098583175037337600e-01,4.908695504614231653e-01,6.729962684128955042e-01,7.662698248828079262e-01,-6.148390622058833577e-01,3.425064621585311997e-01,4.555444153965443332e-01,5.110743064914252676e-01,1.389934489832112652e+00,8.542193145965597534e-01,2.588111294291405073e+00,9.185665648557520546e-01,1.423612506475442130e+00,-4.947065565661462050e-01,3.585910234527971419e-01,2.674940646282296663e-01,-7.023145764494313770e-02,3.994502618301113972e-01,-6.865259246725288200e-01,-3.242395996187895368e-02,6.439401072609601817e-01,1.666099732057646499e+00,-2.213709904585988222e-02,-1.372513570190605492e-01,1.258213699976203026e+00,4.172354121918325776e-01
2.939109174722773332e+00,2.878515516928772944e-01,4.035089698630067723e-01,-1.251725781318290931e+00,-1.060775405529601034e+00,-5.218842816592736966e-01,-1.417153293896362243e+00,3.876628660784821601e-01,-1.127476647866924447e-01,1.321901800250243897e-01,4.700177454388553833e-01,5.965672940158641691e-01,8.039954315974326970e-01,5.961527775924884143e-01,4.211342768561717187e-01,6.967754230955451877e-01,1.353752309651260033e+00,-2.215653876111425835e-01,3.529768568453388600e-01,7.357887805726680552e-01,9.449921263797593785e-01,1.494449221275756523e+00,1.244276154827448355e+00,2.720633247132409505e+00,5.805782367932903476e-01,1.114509537312945220e+00,-2.228729684761270730e-02,2.845513982618791404e-01,7.004902680578006802e-01,4.279668618759965293e-01,6.004220157675420610e-01,4.047647048871990533e-02,-2.159308843227112362e-01,5.072961938681087579e-01,1.758293155609949698e+00,4.173940363267377718e-01,6.576754899095920148e-01,9.699219454215161074e-01,3.245275545625571634e-01
2.020685892289949770e+00,1.349886006173702524e-01,1.629783724344842644e-01,-1.779816942958233783e+00,-9.713315111469150720e-01,-8.695964629482155761e-01,-1.506272150080451011e+00,8.687304169106958573e-01,-7.438006109863122550e-02,2.830039534928733835e-01,3.959468502627817021e-01,4.206938308190156239e-01,8.254113027060872021e-01,6.514583731253112964e-01,4.787216759209296790e-01,7.941365170585065192e-01,1.839417139343860530e+00,4.621365986556776329e-01,6.214919442166088048e-01,7.621909891875734422e-01,1.174488344291555908e+00,1.090166679938795458e+00,1.129762395043231171e+00,2.336204583017981395e+00,2.692951811592610434e-01,6.492718804999372262e-01,2.066787503248626312e-01,1.285197306008135643e-01,1.010878083724616294e+00,9.518123978137135177e-01,5.195349735997966123e-01,6.644198301932163764e-01,-2.291212278792042756e-01,6.157188782724768439e-01,1.485583547145606698e+00,6.826633323982987944e-01,1.235743068737690020e+00,8.993117600388429445e-01,6.796099652008777969e-01
9.820250385066251475e-01,2.124764006613500955e-01,-1.243996826115245230e-01,-2.032122863011355474e+00,-8.353973535285612595e-01,-1.219185094989378992e+00,-1.361894148620759415e+00,1.071634367041156777e+00,7.069062659727198827e-02,5.536224795047185454e-01,6.921939868738978818e-01,3.572989894846715364e-01,7.110850952141211101e-01,6.912845412848188653e-01,5.216798750831995735e-01,8.398002304933532836e-01,2.080113848121253550e+00,1.217018027165519767e+00,1.236135721505926988e+00,5.396188331459782495e-01,1.196245893250575509e+00,4.792546670896217220e-01,5.738566121397211672e-01,1.541346459111705203e+00,6.484708974711335394e-02,3.068808236463115291e-01,2.379474205405736897e-01,-1.508932776194701342e-01,1.105756356249587347e+00,1.167535106051443172e+00,1.593340523792431129e-01,1.128166574321074700e+00,-3.243686815965438064e-02,8.700065329522725932e-01,9.914906748922273083e-01,6.867086639129559300e-01,1.527064746628874703e+00,1.227866490250455467e+00,1.240609190440039811e+00
3.297932015951685614e-01,1.570695534812819871e-01,-4.248171525936333959e-01,-2.123492673235008787e+00,-8.962101370124678779e-01,-1.532894999489370580e+00,-1.274475333433327640e+00,8.518859125207989269e-01,2.031826344320701860e-01,5.568884873950166181e-01,1.031404238706674636e+00,1.741466719890903403e-01,2.910952790982835325e-01,5.899980047652865212e-01,3.897175238590255275e-01,6.905291239143603876e-01,1.982604234056499992e+00,1.645765093098400245e+00,1.887516124768530368e+00,1.197630810776490473e-01,1.003310054094789239e+00,-8.533664687277393857e-02,-1.227186829774832288e-01,6.005652512887074135e-01,-8.254253967850055940e-02,2.258304786517897900e-01,2.131419303208876570e-01,-5.165899532356902357e-01,9.407824995352941366e-01,9.267199322216613799e-01,-3.840469156526004624e-01,1.319281368801911158e+00,2.125646243397677770e-01,9.038097513841599762e-01,5.271559424112747250e-01,4.433753804225971651e-01,1.474919516475181380e+00,1.781817939490324409e+00,1.593689663072715090e+00
2.470672966460499276e-01,-1.472778748492550860e-01,-7.035683505429460860e-01,-2.119695821094469412e+00,-1.171529534526666971e+00,-1.750715340253363062e+00,-1.343612282092363275e+00,2.375859816916590650e-01,1.711969258295769070e-01,1.236689240396827427e-01,1.067117048906224275e+00,-2.336447325308752820e-01,-3.681398425202537239e-01,2.800903348833816975e-01,7.453380842353135582e-02,3.163032233412967908e-01,1.527736844165891394e+00,1.414608298040978429e+00,2.068535769922370982e+00,-4.097827867040766958e-01,5.917760554252178284e-01,-5.326680931447235201e-01,-5.951876452473654489e-01,-1.629019034293792689e-01,-2.297622051394458409e-01,3.575389046951517047e-01,2.166872280727017985e-01,-8.088837676903639640e-01,5.324373695296871212e-01,3.980862258188370140e-01,-9.147023545267624067e-01,1.103330971185749299e+00,2.513192100179243438e-01,4.175790815845241144e-01,3.290552860999201856e-01,9.990055546140028109e-02,1.049120255576386107e+00,2.115880015363796218e+00,1.499862708383137733e+00
5.396706048740459449e-01,-5.148131668928894733e-01,-8.935541336959131886e-01,-2.039753762873470322e+00,-1.411165490627892538e+00,-1.793704313296378139e+00,-1.418780909141641233e+00,-5.364467157922374607e-01,-5.198612986927905050e-02,-5.327911351107937898e-01,6.679294027953699420e-01,-7.294513149939593211e-01,-9.501788179093090259e-01,-1.667036341844633507e-01,-2.764564421717150555e-01,-1.725527902949326453e-01,7.725341851516386305e-01,5.249042061476980603e-01,1.492432750594337554e+00,-8.977125164844298455e-01,3.727725785471204534e-02,-8.849722858613814358e-01,-6.357364323208877233e-01,-5.200801025678788436e-01,-3.589819248056839163e-01,5.589928723451219605e-01,2.237620497647339612e-01,-8.241636689569532548e-01,-2.872839678135455030e-02,-6.356377409765025244e-02,-1.185688778870648052e+00,4.643962938008929786e-01,-3.824689316278912649e-02,-5.095254222434846270e-01,4.841010190341983321e-01,-1.195135943868741307e-01,3.401427958556120235e-01,1.839035963432138043e+00,1.064739490809004652e+00
8.425990859961330903e-01,-6.529218884535127332e-01,-8.920818692867316102e-01,-1.897671757907974044e+00,-1.331285921205489053e+00,-1.602776936110922756e+00,-1.281125502676077277e+00,-1.122744349371979755e+00,-3.238993062916726839e-01,-9.869469448768780628e-01,-3.064931084760443708e-02,-1.075940139472721713e+00,-1.132336249772167402e+00,-5.459321960500738147e-01,-5.050202512433791258e-01,-6.108169523400840406e-01,-1.418340322387845742e-01,-6.072557595320824397e-01,3.787742240966741614e-01,-1.124859924254638877e+00,-4.460419615582775776e-01,-1.078870987759501743e+00,-3.011446477655919662e-01,-4.456881325714099895e-01,-4.111141080166842987e-01,7.284706774622264902e-01,1.880881999070002364e-01,-4.672372171339700953e-01,-5.752506819683523842e-01,-2.070195730468661621e-01,-1.027218783889863651e+00,-3.844557990228698041e-01,-4.883554517677302087e-01,-1.424974576090005662e+00,8.790928675143101501e-01,-3.425651750367426918e-02,-3.872577701626797042e-01,9.315364405674148029e-01,6.209707139330158387e-01
9.053076701780923274e-01,-4.147649924894105111e-01,-6.014992688597143866e-01,-1.721531609676020702e+00,-9.025518126033702515e-01,-1.187279636257930759e+00,-8.797651354834170601e-01,-1.239494281209589932e+00,-4.414769496091414114e-01,-9.557763842374048524e-01,-7.350082112404240364e-01,-1.163810565572729550e+00,-8.627601959042944246e-01,-6.282943733706551903e-01,-5.815787306581826632e-01,-8.861576058544257117e-01,-9.827192375482842746e-01,-1.366971311224690622e+00,-6.504382222526563506e-01,-8.873145702401442625e-01,-5.674121978058577209e-01,-9.179020739395545858e-01,1.676498563900757355e-01,-1.062624698062044348e-01,-3.793705364888128595e-01,8.630132569248767371e-01,1.600266871486885345e-01,1.478404352547269263e-01,-9.017947124584696494e-01,-7.833853201776061481e-02,-4.813725407694817160e-01,-1.057431791436396873e+00,-7.103185493705829190e-01,-1.839486352831689375e+00,1.270815411425682662e+00,3.839918161922322160e-01,-7.917829624004170119e-01,-2.099051663574875159e-01,4.501326810867145589e-01
7.278950126691604572e-01,9.393258031518801621e-02,-5.975107601731801006e-03,-1.527382619421607801e+00,-4.051726438445003020e-01,-6.444764526597217547e-01,-3.961127589947838756e-01,-8.287863444542983293e-01,-3.058167685525842727e-01,-5.334959707316097033e-01,-1.153181992064384653e+00,-1.094230864010344861e+00,-4.072660794274822749e-01,-3.109312238947589679e-01,-6.119806741405976469e-01,-9.822643692124864989e-01,-1.471073270583432402e+00,-1.330732708336803460e+00,-1.005410221455742770e+00,-1.514955081615109445e-01,-1.523665779131967435e-01,-2.491619144363134142e-01,5.320802199305136870e-01,2.568256020381127769e-01,-3.501154278525079322e-01,9.925560567653864963e-01,2.867520821230389871e-01,7.359068331385101303e-01,-8.616564359717586719e-01,5.066670439531092973e-02,1.788488903452912782e-01,-1.218670025650534727e+00,-3.795209631730790956e-01,-1.609742424149847251e+00,1.418602590151318177e+00,9.808516773579983861e-01,-6.740123581537421638e-01,-1.051003683464616367e+00,5.738297701145754770e-01
4.617402984619366491e-01,6.043664179068528597e-01,7.535095859354827841e-01,-1.285838878525895845e+00,-1.820879539078137099e-01,-1.320932618174640027e-01,-7.961060949858929370e-02,-1.013546367541804383e-01,-4.508479764141697099e-03,-1.129204874287092070e-01,-1.120766205384414516e+00,-1.047026344319250679e+00,-1.202225869139356002e-01,2.835107621966213021e-01,-7.265732477286229729e-01,-9.525212693792394214e-01,-1.414932801427779108e+00,-5.573249968485037842e-01,-5.593194189275271233e-01,8.282810445393223864e-01,6.594379853094446409e-01,7.791230087689974271e-01,6.836025079337205712e-01,4.518030707781112154e-01,-4.384301494298832313e-01,1.063144369841426018e+00,6.632275453419819167e-01,9.934427218908205015e-01,-4.807120503709059189e-01,-5.697137203046331866e-02,5.962949513588251538e-01,-8.160402891039788553e-01,4.611669513010746568e-01,-1.037339069480198939e+00,1.184448197052345941e+00,1.481401096263207595e+00,-1.468260272407359845e-01,-1.310285089277023030e+00,7.576049046621722294e-01
1.968971765329631807e-01,8.588679408418438133e-01,1.369864265570453821e+00,-9.363761911154128148e-01,-3.145703156656698973e-01,1.924622357880652612e-01,-1.411407262424058812e-02,5.598030236345604704e-01,2.508084032833421406e-01,-6.934707753494954996e-02,-6.697611581949698412e-01,-1.085292212088994512e+00,-1.564710215524172110e-01,8.334773301290927527e-01,-9.716561995813655095e-01,-8.809688001418112258e-01,-8.754392274647223582e-01,4.405900528976466890e-01,2.623857796139229537e-01,1.556224509883270990e+00,1.394112206348688376e+00,1.646614294667642309e+00,6.205359899825662051e-01,3.818950746821976328e-01,-6.743209647962182807e-01,9.004816522022380809e-01,1.168928798597279162e+00,7.590964257045230701e-01,3.069390098761538735e-04,-4.016860509801824519e-01,5.509913259786706208e-01,-1.369852571804724695e-01,1.329578459136676161e+00,-6.031882185817728503e-01,5.577078352830748820e-01,1.611337344710507713e+00,4.051809297440533419e-01,-1.150831824613115062e+00,6.973458010968103249e-01
-1.475782243930916782e-01,7.258566566260703512e-01,1.479023948504723629e+00,-4.564358286316545499e-01,-5.292937244042918987e-01,2.374099515582542563e-01,-3.637627230957678204e-02,7.902786018390328682e-01,2.755957942312700637e-01,-4.725560906047477361e-01,-3.471163943255014400e-02,-1.099749221267811050e+00,-3.912018024951305351e-01,9.738398419990258459e-01,-1.294571853566122366e+00,-8.665103962497147094e-01,-2.226629141941290635e-01,1.034264786450374451e+00,8.008960527263260243e-01,1.534677104288255212e+00,1.484479123535110467e+00,1.722241303318024164e+00,3.420361081584236684e-01,1.659257435497287284e-02,-9.455548693702858776e-01,3.247160042849535078e-01,1.474756521335752080e+00,8.633797436745282994e-02,2.260037196451564478e-01,-7.856756303488424686e-01,8.827903289291938460e-02,3.776904605542014126e-01,1.568347255353868430e+00,-5.728126156007125047e-01,-3.613616345034613153e-01,1.225876212863265646e+00,5.800589288366282403e-01,-1.019618424729726636e+00,2.401324991347421889e-01
-7.198336210020732651e-01,2.082169222974850908e-01,8.687623521666664184e-01,7.474522358954344137e-02,-4.360091661397786367e-01,2.146785523728171954e-02,1.152217858507407211e-01,4.369974504182476127e-01,3.534413052441502667e-02,-1.050648387848054366e+00,4.279969319049524157e-01,-9.417625086756671315e-01,-6.036026080650487291e-01,5.040186263031251057e-01,-1.601086488869993607e+00,-1.004323673565108876e+00,3.211176969133509168e-02,8.859065593848132192e-01,6.385600281642141995e-01,5.749365811058937403e-01,6.521466839935144977e-01,7.173127495977040802e-01,-1.885351904147163637e-01,-6.317973031416077578e-01,-1.053291604825405514e+00,-6.539846317843766021e-01,1.269782682632186077e+00,-7.911622353426140952e-01,-5.790598299697385931e-02,-1.032897023615274135e+00,-5.427880798762727554e-01,4.388048883289859536e-01,7.959805124194165860e-01,-8.096456752212867203e-01,-1.370631014340191856e+00,3.971526016938006776e-01,2.477142846408451893e-01,-1.265801035061965507e+00,-5.046742202130257704e-01
-1.519040471762409528e+00,-5.951579574640266657e-01,-3.312546532295574386e-01,4.925088387092229625e-01,1.142671570183674268e-01,-3.194610572293121176e-01,5.553074858323652219e-01,-3.449517517673179601e-01,-3.422193277556128121e-01,-1.411051154016930598e+00,4.157459385456576673e-01,-5.983143635497865098e-01,-7.186820913450377990e-01,-4.696947667679480798e-01,-1.798435707284728569e+00,-1.325505639496989740e+00,-4.250061926059722217e-01,1.365758895295653697e-01,-1.324764572704193732e-01,-1.028790890051961560e+00,-8.385557244935201160e-01,-1.018038790824149054e+00,-9.440795939046122687e-01,-1.471235122496617365e+00,-8.405193085330819880e-01,-1.732610905698022785e+00,5.456506285865714290e-01,-1.558359075215656864e+00,-8.098201942392907471e-01,-1.157044070178857131e+00,-1.077164556428819697e+00,1.100504011691276346e-01,-7.743622980264095457e-01,-9.389606913430401658e-01,-2.179510374851224785e+00,-5.839538359282492319e-01,-3.488113231548384818e-01,-1.848407797757217086e+00,-1.220313964823665609e+00
-2.290261869724171007e+00,-1.504974095050252814e+00,-1.637359670783943955e+00,6.545688979731587587e-01,8.774972882849356726e-01,-5.775690738744084785e-01,1.129443439714068909e+00,-1.153679206294476733e+00,-6.608310215729558124e-01,-1.325005618554423004e+00,-1.208938001726880263e-01,-2.237810696715074044e-01,-8.520392719189238129e-01,-1.553425371905560404e+00,-1.785574211444874937e+00,-1.720569683518005988e+00,-1.432971291870145381e+00,-7.418094622816164829e-01,-1.029419853113998418e+00,-2.608377336354076093e+00,-2.277136004661195479e+00,-2.632501879139851564e+00,-1.706560483000861383e+00,-2.276745977415469024e+00,-2.983371570910732240e-01,-2.437969364153251828e+00,-3.157771272615711444e-01,-1.933301283002614612e+00,-1.675598012604609277e+00,-1.306546787764622186e+00,-1.383828071914297242e+00,-2.464415428083283344e-01,-2.407128319294346674e+00,-6.983906935383294989e-01,-2.490119254229393064e+00,-1.318754703372607251e+00,-7.648312110141642917e-01,-2.368582388291388785e+00,-1.563224618095408802e+00
-2.665009201195524202e+00,-2.262630574604505007e+00,-2.447871745608783733e+00,5.610141993182296005e-01,1.411802236911207320e+00,-5.699302229083373916e-01,1.523184339052791714e+00,-1.549841597892943401e+00,-7.822834033593509817e-01,-8.593274726722774925e-01,-8.976671795078386973e-01,5.102835949185864466e-03,-1.115397672088120018e+00,-2.257168616167152031e+00,-1.445776301690547161e+00,-1.938944069880443877e+00,-2.387185376314919338e+00,-1.293928677329395205e+00,-1.558586674775950476e+00,-3.476524554352826257e+00,-2.935962739642562713e+00,-3.300303382291855492e+00,-2.097577485409872100e+00,-2.726050439032150052e+00,4.196833095864363483e-01,-2.431342523611041528e+00,-7.718605522802464147e-01,-1.772443010539077157e+00,-2.195310189355449637e+00,-1.553086531210168264e+00,-1.467720300922768173e+00,-2.436235247420313887e-01,-3.295073194992721444e+00,-1.651931557884226409e-01,-2.165416046765726410e+00,-1.501063052680861487e+00,-6.734095519403621166e-01,-2.394759513916405513e+00,-1.370095318971778608e+00
-2.452224318100928002e+00,-2.585669297651603582e+00,-2.410783468970514765e+00,3.775273964956675221e-01,1.444630758538702597e+00,-2.505145191037982388e-01,1.507312802991058520e+00,-1.314692928877974287e+00,-7.038283918654755222e-01,-2.859297665048815551e-01,-1.438664717233388401e+00,6.227358827909393324e-02,-1.400843011615024114e+00,-2.262241567840614032e+00,-7.134123205396007972e-01,-1.725870119063960262e+00,-2.619244014602228443e+00,-1.357600001737335305e+00,-1.543872155467009399e+00,-3.312698981943547949e+00,-2.549904618339009055e+00,-2.769846762864372369e+00,-1.823627007297928593e+00,-2.566815630891523536e+00,1.074212619316953665e+00,-1.776399002151067386e+00,-5.199787028500206798e-01,-1.144233724674620589e+00,-2.105220377356842754e+00,-1.760071723556132284e+00,-1.364219483835009905e+00,2.380107034530324628e-01,-3.085782873064991438e+00,3.198392511201672006e-01,-1.383742103352359143e+00,-1.108786653355299467e+00,-9.551680496991754588e-02,-1.812283704299018527e+00,-7.780817293536966828e-01
-1.822867047735155177e+00,-2.306694480348218335e+00,-1.665352958475037948e+00,3.233369786467606977e-01,1.085525747569263233e+00,2.356207120123405829e-01,1.112944279802966507e+00,-6.018217106073278089e-01,-5.443278343157587074e-01,1.264918995670948065e-01,-1.383522275583803252e+00,9.665754257807017413e-02,-1.399318821768502419e+00,-1.605956287184572506e+00,3.080925899784659472e-01,-1.028443392997207217e+00,-1.875122174861266977e+00,-1.082773017583444908e+00,-1.168148946098160668e+00,-2.329038294931948805e+00,-1.493257592225869956e+00,-1.519611481640518624e+00,-9.598865414751702740e-01,-1.815235636383858875e+00,1.453895105939657650e+00,-9.383169967973881143e-01,2.463832978443860344e-01,-3.259398665816263807e-01,-1.513178044595583360e+00,-1.690525558457718569e+00,-1.063851136390264962e+00,9.545143071105178789e-01,-2.100735109550182500e+00,4.410409228522449987e-01,-6.134660835360464803e-01,-4.502360095490754444e-01,6.242743208414980316e-01,-9.161498206158757984e-01,-1.763630623279089926e-01
-1.199598281052495441e+00,-1.517265649792536308e+00,-7.484306965941648349e-01,5.028866253028515532e-01,7.061710156555419671e-01,6.204671460597135368e-01,6.003834566036982956e-01,1.372845349047343011e-01,-4.521666041885959997e-01,2.716572170021135935e-01,-7.447420085902866083e-01,2.827888907605023983e-01,-8.742662715467376389e-01,-6.589479084016425237e-01,1.304050422017199118e+00,-9.581760070333336654e-02,-5.211255256387877788e-01,-7.265352412535084348e-01,-7.447415035333320166e-01,-1.106421779744261480e+00,-5.040092955244728223e-01,-3.938447900325498519e-01,7.418122976907599170e-03,-8.060011436752215763e-01,1.466701413921259523e+00,-4.720820883170205873e-01,9.532015860262350593e-01,3.163902500637346127e-01,-8.053881650103026368e-01,-1.259841508199555316e+00,-5.534590452747449874e-01,1.470426469029189054e+00,-1.075031943453717664e+00,1.518097452289678961e-01,-3.406332427628384063e-01,9.012730700476104251e-03,1.067938587539516648e+00,-1.821124736494859064e-01,1.140154740241005119e-02
-9.182998115215491586e-01,-5.811110285256341212e-01,-1.984758952632487417e-01,8.194132846321617869e-01,6.119146660773411295e-01,6.910814766793135222e-01,2.627539677133153284e-01,4.383408753605289032e-01,-4.910413075542534034e-01,2.210491767234099847e-01,9.624794346089285413e-02,6.473178996957594800e-01,6.561304341639336013e-02,1.030177307123906066e-01,1.886975228504712554e+00,6.539395091893651646e-01,7.094413524451308461e-01,-4.273016575034579989e-01,-4.460189870253876698e-01,-2.148891000858989264e-01,-1.460665741482123081e-01,7.348160305656658252e-03,4.936753987689939116e-01,-2.845715891704498398e-03,1.174910537404139088e+00,-6.148147836984532155e-01,1.066449279420767171e+00,5.338185869444070919e-01,-3.486548888941385926e-01,-6.669308654131651526e-01,8.173400666699927319e-02,1.472920446740409339e+00,-6.048337803623260456e-01,-3.152038292748076120e-01,-7.019154069888552394e-01,-4.080025113175963364e-02,1.028963286410666367e+00,8.726057985902467562e-02,-3.961293446391422890e-01
-9.468510516394995635e-01,4.451510802224685481e-02,-1.483240514713076719e-01,1.048324712139830694e+00,8.036180672178960815e-01,4.635882666500473204e-01,2.299038746900148589e-01,1.454567350277529703e-01,-5.767255027186184435e-01,1.216753923833238937e-01,6.704315422765495525e-01,1.041682897842397315e+00,9.825194725053972844e-01,3.886317889305366258e-01,1.859222230612104676e+00,9.330988003589668622e-01,1.251307483972162959e+00,-1.468521779296143026e-01,-2.175422839145081944e-01,1.220223991114356005e-01,-4.123522006970692932e-01,-2.815287075015056595e-01,2.754598166814368199e-01,3.166628684108125369e-01,7.651803608902839615e-01,-1.103636841555435621e+00,4.933704447311769714e-01,3.602428737817556792e-01,-2.207970259361259346e-01,-2.378372725274862098e-01,6.307147004782482913e-01,9.973511181247471935e-01,-7.206503736950023997e-01,-6.452930823449988251e-01,-1.319822356074591418e+00,-5.157339196615876586e-01,6.288524735798280973e-01,-4.462873944371311546e-02,-1.182566215450070679e+00
-9.202385237686593333e-01,8.244598835178988672e-02,-2.427417153535357253e-01,1.013747687484327420e+00,1.023770615606187873e+00,2.055641470862597797e-01,4.133377921160040769e-01,-4.631208996371438125e-01,-5.182710241073752444e-01,7.215595564701286768e-02,7.619218914367625883e-01,1.280219813941799512e+00,1.437365615043134204e+00,2.450936950857650343e-01,1.388905715517489092e+00,8.083684154406127753e-01,1.102981605637743945e+00,2.013203208174550729e-01,8.071564873854419897e-02,9.910464933145218813e-02,-7.739244565133610587e-01,-7.043302272940554776e-01,-2.940891342479368120e-01,2.517802443013117952e-01,4.624658592863647999e-01,-1.384298589453288431e+00,-3.571929309748877457e-01,9.494854182221953987e-02,-1.858150512338307414e-01,-1.077704181868771871e-01,8.688478942136604877e-01,3.971919237587100970e-01,-9.157142071674934103e-01,-6.608877127104123561e-01,-1.534183743773095854e+00,-9.763507849862408383e-01,1.969529741885648610e-01,-2.544755850010435583e-01,-1.834435450884355223e+00
-4.829502815849178732e-01,-3.922375752796392612e-01,2.596279185867601466e-02,7.207954970391957650e-01,1.010895395039148381e+00,2.516107209415302526e-01,6.022132232889957359e-01,-8.584196191764593697e-01,-1.572796522465329527e-01,6.001877815729144555e-02,5.287714307178352779e-01,1.297271451014647026e+00,1.339299971579011039e+00,-2.997043409142113868e-02,9.133858859845028766e-01,6.372142859602095699e-01,7.635195343627395603e-01,5.872254781269155011e-01,4.658488109487874951e-01,1.121990410056530607e-01,-6.343651486471167944e-01,-6.782133009618357411e-01,-5.446797309668067744e-01,1.714890981758233068e-01,4.173136154388791264e-01,-1.063068056265344952e+00,-9.053791206643199141e-01,7.677124190807319004e-02,6.849621864699829976e-02,-6.084968767407165219e-02,7.230863916855264639e-01,7.872720356665663388e-02,-6.044542726378394626e-01,-3.991905558620845174e-01,-9.098112402451091763e-01,-9.510832912626749902e-01,1.773149754861114147e-02,-2.495657863884666317e-01,-1.865753678993037790e+00
3.519464341246905104e-01,-1.016426396375244456e+00,8.252627079959851120e-01,3.339408719701374983e-01,7.116247575151403160e-01,7.263841473546472916e-01,6.101005228713348716e-01,-6.384782647754669860e-01,4.780303471142779981e-01,-1.391717510041157006e-02,3.081238829901281062e-01,1.166241036527772001e+00,9.832029741160390746e-01,-1.462078183164966794e-01,8.050011743787063301e-01,7.436089605962346027e-01,7.699971775807309404e-01,8.338517079534273346e-01,7.607485907330657771e-01,4.312323281105088779e-01,1.743604032032308737e-01,-5.411612095930803945e-02,-5.065862163407434948e-02,3.842039454721182801e-01,6.206306296615153872e-01,-2.409037315007686864e-01,-8.533615643303010811e-01,4.047285103168429821e-01,6.331175334752180417e-01,2.742543901436508835e-01,3.315646308922942098e-01,1.960677092661901044e-01,3.590605008354338379e-01,-3.361845219157854475e-02,3.699840850976081619e-01,-3.168426707260699193e-01,1.339306562467272033e-01,1.184491051184389382e-02,-1.155189638097312566e+00
1.154658543552883776e+00,-1.392736745958869538e+00,1.757057799535344245e+00,2.868001592163914315e-02,2.735081505676517089e-01,1.396753374824316163e+00,3.675915500069625308e-01,1.786526296186086438e-01,1.126072176898441635e+00,-2.487803204255089606e-01,2.868861029596025958e-01,9.763594508928000737e-01,7.310379862241341842e-01,-4.308328717451879314e-02,1.064063608030983987e+00,1.109102467150428817e+00,1.233700041214886634e+00,7.558423164103637015e-01,7.273929244536732064e-01,1.007610337034426262e+00,1.253159298664612287e+00,8.179182115138574627e-01,9.735537492589853015e-01,8.634915262824941484e-01,9.032297402798563635e-01,5.527017207880738914e-01,-3.950835080776530783e-01,8.401822120385267212e-01,1.276037932263661245e+00,1.021771627196168097e+00,-6.932135732492242242e-02,5.356089265275186806e-01,1.527455947364284583e+00,2.549502095268751933e-01,1.577474150810319831e+00,5.704874990854023054e-01,3.400291796878671668e-01,3.418282361446727258e-01,-4.531238065112027508e-02
1.410424618392209117e+00,-1.338224930275668800e+00,2.128851440235643988e+00,-1.434656289958955722e-01,-1.293113180728378553e-01,1.805314975118003762e+00,-6.787916738372688774e-02,1.176987102798837004e+00,1.424007160562944518e+00,-6.459085499336546521e-01,3.400497242593912284e-01,7.172328132738271522e-01,6.464450090426785422e-01,1.000757569852397527e-01,1.317405969985034009e+00,1.371485813325818093e+00,1.771207985626077841e+00,3.389711862128174102e-01,2.831978714998298341e-01,1.542825831088276090e+00,1.962878336129470158e+00,1.431025068963314828e+00,1.811757835500666936e+00,1.274704718091574707e+00,1.035338163776168496e+00,7.854374299233191081e-01,-2.292949561749995160e-02,1.002352116031118179e+00,1.625769830066646549e+00,1.839493439178593093e+00,-3.271648846036203651e-01,6.819838089626463207e-01,2.204467719161754324e+00,3.558828469100024372e-01,1.974894512454556716e+00,1.128754298647625998e+00,3.579358899980518149e-01,5.353341019446391513e-01,8.855027138040261203e-01
9.620788160004318801e-01,-9.482500896312310301e-01,1.533400882247876185e+00,-2.530773793063429422e-01,-4.357017236933520832e-01,1.617928337307531939e+00,-5.477467749109152795e-01,1.865659296863288130e+00,1.160295002019684496e+00,-1.060438917925168534e+00,1.855575905480664756e-01,3.117038021010437587e-01,4.557319354924257437e-01,6.786283610719594239e-02,1.151659004455646507e+00,1.161775494735691971e+00,1.877461565109070030e+00,-2.104732558403254461e-01,-3.955260109982848826e-01,1.742194443152169869e+00,1.944328766824141130e+00,1.547086455474931066e+00,1.837834160575602338e+00,1.286356407600106611e+00,8.701545822746449277e-01,3.620350858475311351e-01,-1.057624749266516673e-01,7.180049360725639929e-01,1.483477366235907535e+00,2.146023671280554268e+00,-4.488937684281520402e-01,3.464781013713804092e-01,2.011920612625453852e+00,2.427698474901739401e-01,1.400957166666909393e+00,1.008442139530576709e+00,5.975578376184497581e-02,5.622497868370007756e-01,1.216407074932222887e+00
1.782002795725908806e-01,-4.569758008657635595e-01,2.589921701787754049e-01,-3.643064488578438009e-01,-6.699253445713779787e-01,9.200129586758623024e-01,-8.778261628915596804e-01,2.040591849252809009e+00,4.700703235433071336e-01,-1.250233878678540966e+00,-2.907983149075727414e-01,-2.307652589141768185e-01,-1.038388571877490174e-01,-1.565604025641448016e-01,5.043171232358946154e-01,4.900384904312319323e-01,1.396140991533197262e+00,-6.025705337850445487e-01,-9.798802041167120613e-01,1.545696430381030995e+00,1.400715541563639643e+00,1.340502745904862403e+00,1.067189429470662310e+00,8.890467814488213216e-01,4.327732613314241306e-01,-2.899243048730907879e-01,-5.928321855688141184e-01,2.233281738955164297e-01,9.935697747879206343e-01,1.644571115470276013e+00,-5.015530959959707547e-01,-3.897300963424309428e-01,1.212899159007955419e+00,-3.006167774507883389e-02,4.180102828201004983e-01,3.904018318614280725e-01,-4.250439161742882721e-01,5.644842439400740153e-01,9.450758639096036307e-01
-3.164104327537688999e-01,-3.853879076160305478e-02,-8.426496241611786120e-01,-4.170033818788286273e-01,-8.140962871643490084e-01,2.017247174517749209e-01,-8.779535427089133481e-01,1.885555967462859694e+00,-2.011306600950674150e-01,-1.021143341545152516e+00,-8.540178784945839929e-01,-7.187013509215866014e-01,-8.884450417581741810e-01,-3.418997929359582355e-01,-2.428330414342940446e-01,-1.874942423685105886e-01,6.595881354751551573e-01,-6.759406756601844535e-01,-1.220000176017750348e+00,1.162276622261033010e+00,9.117139010784540698e-01,1.169696196525984000e+00,1.756303517966270600e-01,4.264524898091423544e-01,-1.108653476740684846e-01,-5.662413108092115843e-01,-1.077696768299716945e+00,9.988385894021969968e-03,5.239224964826274533e-01,6.718210548303260587e-01,-4.580627124412818274e-01,-1.109302704715859011e+00,5.169528061962728183e-01,-3.281553044156977350e-01,-1.303320781765445746e-01,-1.372298104543731301e-01,-7.953000395608808004e-01,6.767473197202787949e-01,4.244843450327363543e-01
-1.347122088338793822e-01,2.832144243763878300e-01,-9.667197462254109031e-01,-2.537950032785168952e-01,-7.602223048172803699e-01,5.478386523052014914e-03,-4.691582341124450606e-01,1.734566821284106108e+00,-3.838395099568405189e-01,-3.902364854596765409e-01,-1.073306055889202693e+00,-8.836365018588285825e-01,-1.334264578882554897e+00,-2.029706166026102321e-01,-5.773152696064810518e-01,-3.235652245710792241e-01,1.751761779169828948e-01,-5.046344444706998278e-01,-1.111191884706570709e+00,8.975785415981839543e-01,9.401825452684948736e-01,1.219763561968310706e+00,-6.060171948589233859e-02,2.974604331042752792e-01,-5.773539547636723501e-01,-1.786982261662728999e-01,-1.147494369497799260e+00,4.078049909684313135e-01,3.599956265342117989e-01,1.411637966993178764e-03,-1.773220453556228482e-01,-1.354824987213771648e+00,5.176941965352102049e-01,-4.701208510867103119e-01,1.964866952704452385e-01,-4.450948473514923509e-02,-7.958659522067456082e-01,8.579706523255605788e-01,5.030739617290144738e-02
5.686785716689078951e-01,5.709149977454968106e-01,2.914655336090299712e-02,2.122314303477524922e-01,-4.256765430060934219e-01,4.935730849651313035e-01,2.435986389106177263e-01,1.716113686632666280e+00,6.615461502280060857e-02,3.611520346081844579e-01,-6.933963307951314103e-01,-6.235545298389714164e-01,-9.135945049180983490e-01,3.224671361420739513e-01,-3.172511622579394230e-01,2.283629123060744726e-01,1.539576201328020644e-01,-3.088887217898923510e-01,-8.604382832516986879e-01,9.234198962867727900e-01,1.447118580689964684e+00,1.354469355739525538e+00,5.633366276036545495e-01,5.923175874924208051e-01,-8.790605132490805218e-01,6.175803506198075388e-01,-7.130487847074697960e-01,1.250552071450271585e+00,4.803528555524956278e-01,2.066644608791584070e-01,4.274263144385558322e-01,-9.683697475365378171e-01,1.219821985760768834e+00,-3.242010087458946366e-01,1.080340915042499406e+00,7.028984114216123569e-01,-4.099344319284419225e-01,9.090880937345868773e-01,-2.678518471155065875e-02
1.240943866404944806e+00,8.541915657321577093e-01,1.502401320066335533e+00,8.427724073453952691e-01,8.519247828741521866e-02,1.285861520667772817e+00,9.703459315539372243e-01,1.612009423626309168e+00,8.278377809175851976e-01,8.282134311839675078e-01,1.063367282317262547e-01,-1.518403048006504719e-01,3.239689695155691385e-01,9.648488280678823026e-01,1.958353605797352459e-01,1.029812373817087678e+00,3.263294703407753627e-01,-2.484839629882216461e-01,-6.871436857065619241e-01,1.168454839280444135e+00,1.933799998503890061e+00,1.297876894126019698e+00,1.484240636636105393e+00,9.977580111057227086e-01,-1.038573478358197022e+00,1.249448031245067314e+00,-5.300037633407378435e-02,1.937835343509903163e+00,6.087832723105097710e-01,1.119762059107217045e+00,1.194307500795908972e+00,-2.137961237180751317e-01,2.042501187877551860e+00,7.869146591046738415e-02,1.723010297910219757e+00,1.595998359039640047e+00,1.183086893289423680e-01,6.729281886358714493e-01,6.693990907152837233e-02
1.395418686301653999e+00,1.084686210814916008e+00,2.499764748623966693e+00,1.300794008961742465e+00,4.764647960933484638e-01,1.719743105246149151e+00,1.366177108818404928e+00,1.076677698647166892e+00,1.323158601628419584e+00,7.608552905073111550e-01,8.120085102915188813e-01,1.298310384471087209e-01,1.653171026563339474e+00,1.301317817790448084e+00,3.717393721813644358e-01,1.382923081247742880e+00,2.251893838798002812e-01,-2.782370778820546509e-01,-6.285548788745912718e-01,1.399369213179991078e+00,1.866583626720406119e+00,9.476655492388248447e-01,1.836886665714063893e+00,1.069479487779177784e+00,-1.109594789827057060e+00,1.306677592239293029e+00,4.377641383937391217e-01,1.883694925490622563e+00,4.921338211255578687e-01,1.897578778239738195e+00,1.725224354722032283e+00,4.173753814729612710e-01,2.293448813844658929e+00,5.244147375014482915e-01,1.523467137111053527e+00,1.970339600103290456e+00,4.554644785761731152e-01,2.297437707891630820e-01,1.384773042815252431e-01
9.963599672715734989e-01,1.198589997292337506e+00,2.445762390931871089e+00,1.278097770754438978e+00,4.775830245224470527e-01,1.345122548244719329e+00,1.238539159231458742e+00,2.916307282890822153e-02,1.143255144239093246e+00,2.852503151040390317e-01,9.688679000274342812e-01,-3.508132188120821615e-02,2.184825335293757664e+00,1.091804274976357902e+00,-1.032323987691830813e-01,9.187452723997426851e-01,-3.233041858207940655e-01,-1.902703900125804204e-01,-5.129542624672237539e-01,1.408945496446114776e+00,1.120753261154579405e+00,5.026348295016750400e-01,1.190245287927875095e+00,6.335474824215889811e-01,-1.096356946986266623e+00,8.677198539784970466e-01,5.604243243202409186e-01,9.971536462323563610e-01,1.507704607892452198e-01,1.699047518108667720e+00,1.662233900812327247e+00,5.698232650943555466e-01,1.720543912216619065e+00,7.497361510677952312e-01,5.710730176559219995e-01,1.514133352940653099e+00,4.239233489314847558e-01,-1.107965385356816795e-01,1.482136663324862547e-01
4.411939640749075742e-01,1.201976971240175551e+00,1.499589151882440907e+00,7.551046091340287703e-01,1.082258434501311845e-01,2.667612137662007665e-01,6.865148562165285240e-01,-1.151912344708895697e+00,3.708319298563455546e-01,-1.287542620951560579e-01,5.393482244252200131e-01,-5.075890727465665053e-01,1.591826284460471364e+00,4.915490121179683647e-01,-9.519241933506916720e-01,-5.726511719393023031e-02,-9.701030263024418288e-01,1.937185185865330506e-01,-1.216798650559833828e-01,1.155961672223260628e+00,7.516071585133825284e-02,2.748939091561193870e-01,-8.435872944057379308e-02,-4.847288795054138788e-02,-9.583080269445586330e-01,4.003754662030288847e-01,4.238440193984194804e-01,-2.173702243812005996e-01,-1.281960283590005689e-01,4.240711798655592002e-01,1.012243338525982583e+00,2.748532251543962523e-01,6.909575389730131523e-01,6.543480801394427893e-01,-4.675489577544358899e-01,4.835326987155489920e-01,1.344978499032659924e-01,-4.358977597032299978e-02,2.188815981349728212e-01
1.760791279229074469e-01,1.176028588553208465e+00,3.290682746938565773e-01,6.661768413783941689e-02,-2.751884031574587386e-01,-9.383653955438711058e-01,4.772498893487853167e-02,-1.850702412182181122e+00,-4.652984357509023505e-01,1.979848265630117579e-02,-7.895243966503982802e-02,-8.370747033405424586e-01,4.107746255582176986e-01,-5.265604777790196950e-02,-1.502259832311237053e+00,-7.850553688825555598e-01,-1.117138723013505031e+00,8.450865640536929790e-01,5.964152346789876047e-01,7.604274843903003900e-01,-7.043070851268082855e-01,3.710463075895658602e-01,-1.134711645308559724e+00,-5.075745278203283029e-01,-6.923438787244952097e-01,3.377240271044333886e-01,2.899811826892035871e-01,-1.047012543524109995e+00,-5.397093451043391554e-02,-1.133748279786301216e+00,2.059167718609367648e-01,-1.083371131713228852e-01,-1.328243563043975117e-01,4.121254295936448986e-01,-9.539713829347483687e-01,-5.362002125344241810e-01,-1.035102330910884771e-01,4.611769410560380145e-01,4.389901961142864129e-01
2.995938908397360323e-01,1.192900869837371980e+00,-4.585131939498134912e-01,-3.128694184475752649e-01,-2.459153052723491717e-01,-1.658713348628471529e+00,-3.312427143337942081e-01,-1.704908828656368058e+00,-7.858404783693766493e-01,8.761575150918079480e-01,-3.871405485015976811e-01,-6.421149434629770392e-01,-3.849344895047923099e-01,-1.517461154373749288e-01,-1.250208587254220793e+00,-6.736667854151315860e-01,-4.715585957205364331e-01,1.517320412050401579e+00,1.438355105680853452e+00,3.845385707555360466e-01,-9.077964208596711604e-01,5.639879089196208062e-01,-1.354817650432436960e+00,-4.859482466599009953e-01,-3.955441170466644785e-01,7.050034409410687042e-01,3.187938559513208148e-01,-1.133813539872469578e+00,3.836726321054453881e-01,-1.890074155523146615e+00,-2.172867462837158870e-01,-2.084785508415079036e-01,-3.300229573834850827e-01,3.572668061627381486e-01,-8.241493629646133856e-01,-1.101134512082994510e+00,-3.506959375877247848e-02,1.092579501440012812e+00,6.855698236027228942e-01
5.054026699406581891e-01,1.235020788877328357e+00,-7.298283190399769138e-01,-1.201572271747290560e-01,3.148045244366194928e-01,-1.685993658185377386e+00,-3.349403415579608190e-01,-9.494614875146232258e-01,-4.045370097916854424e-01,2.069954125893918473e+00,-1.823776100521844190e-01,3.394934919458390127e-02,-2.039855789832718258e-01,2.159849468519500770e-01,-3.105585950412992347e-01,1.959983182281229419e-01,6.216469426645028218e-01,1.912957889113636734e+00,2.064894087299538938e+00,1.134200085176722272e-01,-6.780084295344661616e-01,4.998296022298560071e-01,-8.775619300895879382e-01,-1.634230114143265244e-01,-2.222563855332549410e-01,1.116454029891420952e+00,4.431697046881921120e-01,-7.383706921997014172e-01,8.709555845367010773e-01,-1.343956365833570255e+00,-5.821827083868266056e-02,4.644968497709317523e-02,-1.834381992887330198e-02,7.088294604351632611e-01,-5.811510108410424813e-01,-1.205406441336968282e+00,3.214330368545325056e-01,1.416576047010960071e+00,6.817687283954663169e-01
3.977467698419187014e-01,1.211065514484093386e+00,-7.699535411183570099e-01,4.812164617658160060e-01,1.066764294616671771e+00,-1.309753931677751559e+00,-1.400967643685377684e-01,-2.858716544550016225e-01,3.314898680150919485e-01,2.935567553877766134e+00,3.129086335748022529e-01,7.220079625753695884e-01,6.602032478112761504e-01,6.948857545097198996e-01,6.460745251256516664e-01,1.126340344054187037e+00,1.395719255961052951e+00,1.893566619495596015e+00,2.233822597498873908e+00,-7.326410465984840858e-02,-4.221984522496414205e-01,5.463385059993115106e-02,-4.061629522544323856e-01,1.956228161601864315e-02,-2.576261412440648546e-01,1.129964781513154382e+00,4.637068302925448360e-01,-4.742834725299979182e-01,1.020629876495515953e+00,1.384333007408771778e-02,3.613929609889775518e-01,3.805267190720064696e-01,3.160943617878169132e-01,1.355904414899571586e+00,-7.483479664955697830e-01,-1.171768202872528475e+00,6.722494925957571699e-01,1.209113791643793956e+00,2.662964139318202417e-01
-1.243266907564181678e-01,1.058798725055824397e+00,-8.867671917637214296e-01,1.002363370907242368e+00,1.453959241729364527e+00,-1.018803130485795849e+00,-4.595592738539863720e-02,-3.412357449172592205e-01,8.177565447754753247e-01,2.970929219782662223e+00,6.774087371923880330e-01,9.092914028681058358e-01,1.297385030316214882e+00,8.514686287071843163e-01,9.347116327783903111e-01,1.378035811012018774e+00,1.269301460219611988e+00,1.566658696889941860e+00,1.965975531768541895e+00,-2.427714494147440172e-01,-4.406992861146152851e-01,-5.106613276082061503e-01,-5.496938857531388223e-01,-2.178803863222469328e-01,-4.289850201779317751e-01,6.383129217470081551e-01,2.510727763337478047e-01,-7.398005854882577781e-01,7.067474807873468379e-01,1.109129287219144722e+00,4.840480942178900792e-01,4.229044056720742129e-01,2.725263897344137876e-01,1.898568408779094163e+00,-1.299553016745270906e+00,-1.271435267869526875e+00,6.800297807707670339e-01,6.263271213413973415e-01,-3.855494613691886063e-01
-7.700992300072814212e-01,8.270643580902191649e-01,-1.092545977195347406e+00,9.851498913331391272e-01,1.161064693877503995e+00,-1.081150609420059805e+00,-2.131160335346587997e-01,-1.146433494762155503e+00,6.634823322247483945e-01,2.189138139266945782e+00,6.535902843133059026e-01,4.837387530193298923e-01,9.986502097294658320e-01,5.315887939400116835e-01,4.220308599665821281e-01,7.765104168993820499e-01,3.263766636881765826e-01,1.187218738349045344e+00,1.513635021266175329e+00,-4.408851826973401167e-01,-7.127398015194645886e-01,-7.777347342385978468e-01,-1.266427247135953449e+00,-7.236941472661518882e-01,-5.586898022705529820e-01,-4.215609576956933641e-02,-1.358647350317931102e-01,-1.341886112514743434e+00,1.899287367303474638e-01,1.162842482242296027e+00,4.631878218329831681e-02,4.612797666083347931e-02,-1.413979330977977455e-01,1.932009334605104600e+00,-1.617814463211230791e+00,-1.440975766487834209e+00,2.504308575949639182e-01,6.255102380992337563e-02,-8.404605156080917627e-01
-1.128225215878506660e+00,6.434463269837771282e-01,-1.160474536749964924e+00,3.492293182254799788e-01,3.932480142327754447e-01,-1.352737632930386624e+00,-5.295642324916328691e-01,-2.077063278997846041e+00,-1.825548280805094903e-02,1.087091888622164104e+00,3.287686444228761773e-01,-1.568892163017031049e-01,-9.246487849851031671e-02,-2.287323008323072573e-02,-3.676800525977486633e-01,-1.661689430458618000e-01,-7.537231656474171482e-01,9.591754146119504387e-01,1.156797881640815984e+00,-6.782225336298287610e-01,-1.006544575514253692e+00,-5.955644431147689710e-01,-1.910975095028608406e+00,-1.046367216012822565e+00,-5.301514686166803880e-01,-4.470108271121085441e-01,-5.084417978480073597e-01,-1.647623909325502067e+00,-8.745195079870408950e-02,2.947893918734980634e-01,-6.202513372231561739e-01,-5.026421924861745882e-01,-5.880451335609599983e-01,1.349770879913862132e+00,-1.057389161492529928e+00,-1.356888032567016955e+00,-3.649500555342458097e-01,-1.875918636949582274e-01,-7.652535668922502143e-01
-1.042419295723627570e+00,5.918119221900040028e-01,-9.588389361379296982e-01,-5.314132450693133114e-01,-2.772803154054281349e-01,-1.447604967979083224e+00,-7.167855079686789033e-01,-2.331077436670366598e+00,-7.238086403532313362e-01,2.564458614218997901e-01,-3.014257959416868018e-05,-4.467569910959932611e-01,-1.078334703795173377e+00,-3.869952962571972521e-01,-7.014904705301108212e-01,-7.090068963462995422e-01,-1.262553183873453166e+00,8.931791867016953823e-01,9.879409847698312763e-01,-9.609902856429222151e-01,-1.166358558887009345e+00,-2.971893281186357982e-01,-1.829959677148865316e+00,-8.598671112415734452e-01,-4.161203670088642337e-01,-3.478513096086789380e-01,-7.066909636651689253e-01,-1.141219577061717727e+00,1.264649732773465152e-01,-6.442148206873721250e-01,-8.224030958757259091e-01,-7.969411289990246949e-01,-7.725140247788732095e-01,4.188417424386013388e-01,3.824728813505637870e-01,-7.872653866454547567e-01,-7.485721815498301845e-01,-1.734263293061529820e-01,-2.571513119938897973e-01
-7.357483064778880255e-01,6.247334209834696228e-01,-6.831563867095346021e-01,-1.080391329372902165e+00,-3.824010987222775104e-01,-1.091315339209114166e+00,-5.843201269129160158e-01,-1.567588647608588515e+00,-9.674374544948614041e-01,-5.052269723420383524e-02,-1.263699900347919625e-01,-1.599261889677948689e-01,-1.079820324317562585e+00,-3.042902618348727328e-01,-2.626206984129658695e-01,-5.151776756531263324e-01,-1.036160944094078440e+00,8.219049685127203242e-01,8.542588673326575455e-01,-1.302190446630294263e+00,-1.270673698340526903e+00,-4.561245082801613782e-01,-9.591214687418427864e-01,-2.886704326877586047e-01,-4.335417533333741358e-01,8.727214760181120634e-02,-7.042109886322432954e-01,9.123859398391422071e-02,6.644851363344550510e-01,-8.366202391675485739e-01,-1.095362605061208083e-01,-5.922489149079870341e-01,-7.374526046391726153e-01,-4.287985120283124840e-01,1.900597492270141187e+00,1.201009137045194880e-01,-6.446703001773003150e-01,-2.238727127053544153e-01,1.799913992294259746e-01
-5.696581481534606084e-01,6.090798388973774902e-01,-7.106620423714666845e-01,-9.147143699857356314e-01,5.179468830763751114e-02,-3.465657375990455757e-01,-2.131203511760267344e-01,-1.864427667322203219e-01,-6.461751843175606025e-01,-5.673797912071985861e-02,-1.186277274913367930e-01,3.612212511469571341e-01,-1.072132784811978719e-02,1.218982599704610120e-01,5.764674861758781743e-01,8.382621981439927761e-02,-5.428417818162669661e-01,5.475106095051356370e-01,5.022947403649083986e-01,-1.675708883280323303e+00,-1.498765714567822815e+00,-1.344904725358836650e+00,1.145511017435325574e-01,1.754044414892638459e-01,-7.446872704000400134e-01,4.721263881582867250e-01,-5.794940458092273650e-01,1.370213603867132202e+00,1.051521644876496131e+00,-1.826534187924580277e-01,1.269138433531695087e+00,-4.393434950601301375e-02,-7.950729576275031851e-01,-9.054602135866995916e-01,2.449802646003349071e+00,8.957361106872571144e-01,-1.657195555762327188e-01,-6.252274266552584336e-01,4.293251248703586903e-02
-6.725622573706588891e-01,4.667221261083960293e-01,-1.191888478386434969e+00,-1.033286837723838281e-01,5.319159801396933229e-01,4.567695019075731500e-01,9.251946052205194115e-02,9.809420708399544386e-01,-7.827099743384673125e-02,-2.074226651693842904e-01,-2.337476952232872274e-01,4.730001148647284825e-01,1.321539987143112826e+00,5.427116365535133991e-01,1.059012769590978120e+00,4.033300830239751611e-01,-4.228219553408822384e-01,2.236698445985021988e-03,-1.887070191432000388e-01,-1.956297007304631297e+00,-1.846571208427259636e+00,-2.567730682809336695e+00,6.680227093067163668e-01,1.012404137959155986e-01,-1.279433663254690767e+00,5.330312073743849188e-01,-4.112909987132183365e-01,1.924576197475327266e+00,8.703266357288197419e-01,6.693225840645145031e-01,2.479106837560236087e+00,4.123989056817701226e-01,-1.165602319575311130e+00,-1.022373889146793502e+00,1.571156969472706555e+00,1.115201746608900812e+00,3.010801512201755625e-01,-1.321462007109645231e+00,-7.083973329938308972e-01
-8.001053843117332809e-01,2.635442478426938129e-01,-1.788732185054811019e+00,8.809560215192363541e-01,5.191311382061516433e-01,9.860162375161735104e-01,4.850738897294578494e-02,1.313952397101426417e+00,2.857603001558534084e-01,-7.589142503392379835e-01,-6.563114502507337855e-01,-2.169367526469305196e-01,1.873166771083612847e+00,6.605791591182517131e-01,6.674110674508294538e-01,6.363458354552409789e-03,-8.983295303750770122e-01,-6.918694953394973757e-01,-1.067993555495346358e+00,-1.934832723590731884e+00,-2.003250447437370685e+00,-3.242868423567409675e+00,4.575263071415475169e-01,-4.920141207010592099e-01,-1.752863966628028569e+00,2.937061990540390521e-01,-2.180184586940270286e-01,1.469827691408905679e+00,8.803210840471212273e-02,9.277550487204475615e-01,2.726790443170056033e+00,4.256528044066875127e-01,-1.681036669601161382e+00,-9.859370654644089571e-01,-1.962145628576401624e-01,7.504218548597845206e-01,4.161745039586593475e-01,-1.908447767113403026e+00,-1.546025611355967389e+00
-5.732202748416477256e-01,1.398016981204261711e-01,-1.867720744696939272e+00,1.464191158897860445e+00,-1.145078513258792757e-01,1.117114805334117777e+00,-3.711473227910399020e-01,8.534431876187177357e-01,2.195715976922508195e-01,-1.556038587792466510e+00,-1.301679182967937942e+00,-1.471708773271275694e+00,1.207219497467510561e+00,4.421020531120811725e-01,-4.492857270335715580e-01,-9.325763502125717919e-01,-1.575466921229221606e+00,-1.293234810138527369e+00,-1.779994260096485981e+00,-1.447541815668068388e+00,-1.563651279553520235e+00,-2.657605828756839816e+00,-1.163656457488470991e-01,-1.138419755566851377e+00,-1.880152952826087409e+00,-2.132175856654326337e-02,4.666253202255530447e-03,3.916018250127074607e-01,-9.136657059834736305e-01,3.355427222769512552e-01,1.882829414541935975e+00,3.105913007654795277e-02,-1.864676945854514933e+00,-9.622669745874765646e-01,-1.691422288169853072e+00,1.903299399948971404e-01,1.675326788490414665e-01,-1.945880928537451648e+00,-1.751780433467147402e+00
1.200872319606865191e-01,1.378998694373227973e-01,-1.035765363340649614e+00,1.314160571536630906e+00,-9.783571247452960140e-01,9.371483663105654172e-01,-8.985408157834339216e-01,2.068786124709992569e-01,-1.411824724614034743e-01,-2.165942183247880681e+00,-1.844856900736372651e+00,-2.540853103141158975e+00,-1.908646902260807965e-01,8.183021488347598515e-02,-1.578570205784886049e+00,-1.791602187042776295e+00,-1.799923279539599408e+00,-1.580324662767706334e+00,-1.990767247038477850e+00,-5.425209149570001665e-01,-4.254315567507941376e-01,-8.874411445223029382e-01,-4.168414193150969393e-01,-1.321382815547759382e+00,-1.600596579155808774e+00,-2.318553817148400198e-01,2.103367455671663055e-01,-5.909504586824370076e-01,-1.617696989326115498e+00,-6.624726989223894691e-01,5.731439155840690747e-01,-3.746359233396760469e-01,-1.348187801920977646e+00,-9.347225732288679811e-01,-1.995972907689296250e+00,-8.979105745640192371e-02,-1.356546678704698139e-01,-1.332898658504498846e+00,-9.834099997028464824e-01
9.408457051463796628e-01,1.094926629293343917e-01,4.459978342727150546e-01,5.092092662666019010e-01,-1.481422061183770289e+00,5.980507698959341978e-01,-1.167969335593167957e+00,1.352087798926327258e-02,-4.566956214651508028e-01,-2.228429907817587097e+00,-1.933079531312274391e+00,-2.681031366977965735e+00,-1.358518271128055455e+00,-2.100335021983985584e-01,-1.971266266960610913e+00,-2.016853166383770546e+00,-1.236510929422952154e+00,-1.468238209308576847e+00,-1.608773360398847663e+00,4.646872040001135962e-01,9.921260106248305233e-01,1.151646877073605468e+00,-1.520724720195309188e-01,-9.060045579175891595e-01,-1.100318946026144218e+00,-3.440044143068149984e-01,2.970001327341331709e-01,-9.732806479593988369e-01,-1.730371265572089756e+00,-1.355411561886062710e+00,-3.408273627854339072e-01,-3.749983387397265444e-01,-2.577388647386251730e-01,-7.660933868871679930e-01,-1.082215433252686099e+00,8.015975929983293335e-02,-1.566591682548138520e-01,-4.261503325392859143e-01,4.417369389406922142e-01
1.327813760729421144e+00,-1.690656099281895586e-01,1.771989615138570562e+00,-5.440654062243931444e-01,-1.295650735050756230e+00,2.037515245311316281e-01,-9.876183016766042488e-01,4.292324305673817508e-01,-4.675371847211693965e-01,-1.716411308618663201e+00,-1.402369600258994042e+00,-1.671663260925126737e+00,-1.638861638851367042e+00,-3.745922437069811317e-01,-1.361690463536701534e+00,-1.531322231598999162e+00,-1.582213165662757215e-01,-1.043259034226549975e+00,-8.419891302872334338e-01,1.136875537266422542e+00,1.953932213469109280e+00,2.313633679442907098e+00,4.069835394410748486e-01,-2.220445193730590794e-01,-6.050468338820488290e-01,-4.679351154581361527e-01,1.999062370180034742e-01,-7.697007421218914347e-01,-1.345529761197482355e+00,-1.366811736499119689e+00,-4.485373155470603890e-01,9.044670953133467084e-02,8.002095039052987691e-01,-3.747225100824870259e-01,2.605045350954310335e-01,4.503640444377526864e-01,1.401474859097431025e-01,2.132631719711317875e-01,1.782793310493399064e+00
9.577835213000570613e-01,-7.473155818491655777e-01,2.181658352160699810e+00,-1.361315793584133127e+00,-5.828533248745670914e-01,-1.664232028436714028e-01,-4.768577869819488613e-01,1.046518779250351860e+00,-1.635983890467732349e-01,-9.076869748140131700e-01,-3.520789615008838025e-01,5.770903406469778119e-02,-1.128440905292277918e+00,-4.776964786660331530e-01,-9.905905420474869771e-02,-7.151373660474622529e-01,7.928158118750772143e-01,-5.136030670432037981e-01,-5.807861501065521292e-02,1.192229779781510235e+00,1.923703805477368078e+00,2.046206132522596199e+00,7.461310322405854123e-01,2.638222321882494614e-01,-1.386295339628657031e-01,-6.283958288475832710e-01,-4.556338615885394822e-03,-3.666436349725883392e-01,-8.155635785012519401e-01,-8.834839419171784947e-01,-6.614996974137948849e-02,6.392298392260629125e-01,1.179772365629464304e+00,1.611476713268626959e-01,1.111478053800943000e+00,5.978866453093053535e-01,4.197335751209193000e-01,2.467934804861801890e-01,2.426465837151686067e+00
3.561764517146614323e-02,-1.355606999068466267e+00,1.549342157599455705e+00,-1.636864923347283396e+00,1.699963454577931576e-01,-3.750225883322122478e-01,2.718420409028139001e-02,1.279519719106562370e+00,2.666567776978316373e-01,-1.354905815350749554e-01,9.280105071155388963e-01,1.743048058317798743e+00,-4.654453879605372491e-01,-5.525484042509775096e-01,1.150928744379469126e+00,-3.547769977212960474e-02,1.136371275686101745e+00,-1.131804237128676421e-01,4.427355391757367142e-01,7.110071216651083770e-01,9.805686136349759385e-01,7.829807916848671168e-01,6.298302914540333530e-01,3.710600886272649723e-01,5.075227209238154513e-01,-6.915302605854770635e-01,-1.037709567231795416e-01,-1.183342997349389886e-01,-4.659152291162314552e-01,-3.677881410154505426e-01,1.052318811643598584e-01,7.360266191688530357e-01,7.041952862795165524e-01,6.634563120196450559e-01,1.111501371216409684e+00,3.017451218515112554e-01,2.441384507310856988e-01,-1.878801633491882783e-01,2.289481169899706181e+00
-8.479308058205389242e-01,-1.549284702493293864e+00,4.709082557199474883e-01,-1.371645457739773200e+00,5.287885468497836028e-01,-2.414011736737022851e-01,2.107455990628570031e-01,8.592016689717938416e-01,6.107189174804195098e-01,4.372235910518419977e-01,2.083853151528761494e+00,2.764505141976822955e+00,-2.280753617473880723e-01,-5.086896619227955219e-01,1.852035068353053981e+00,3.079136106096886372e-01,9.008890400927530573e-01,-2.910698322662482861e-03,5.797217330926858203e-01,9.442787078153278002e-02,-2.190843570894466241e-01,-4.096264210352593138e-01,3.149666148088153261e-01,3.286000837355136928e-01,1.538056762751143669e+00,-5.033818351115550982e-01,1.082099806223163763e-01,-7.059234879343735669e-02,-3.892714204115255150e-01,-9.231991771897267440e-02,-3.909882823159436804e-01,1.335268886281291423e-01,-1.943277004990628942e-01,9.976511669612934119e-01,6.052298749441088477e-01,-2.841241232909814118e-01,-5.375369825509958011e-01,-6.031827342385579493e-01,1.760099874874037074e+00
-1.173941349754193064e+00,-1.073780941641155451e+00,-2.327486079629531857e-01,-8.289568695091017458e-01,3.790826665567221809e-01,2.998784154876609209e-01,-1.172870252868416993e-02,2.456450142736970807e-02,7.569357993219391068e-01,8.347834218678480411e-01,2.799793299991189421e+00,2.937296173076116457e+00,-5.069650331526605047e-01,-2.280681456079182434e-01,1.858170019103989379e+00,4.253924134657250944e-01,5.061104178812387833e-01,-2.053122970246502865e-01,4.771082167943618280e-01,-2.188418795046080390e-01,-9.253318162615215003e-01,-6.516018602215323252e-01,2.599525572279138830e-01,4.933382409771437938e-01,2.857586691480146435e+00,-1.034174531683985515e-01,6.539215615621356559e-01,-3.137107489960787310e-02,-4.552878101700142954e-01,4.212461925360911491e-02,-1.404524129381798492e+00,-8.942181757688979493e-01,-8.302550226929802379e-01,1.143526908150510613e+00,1.921021192178328507e-01,-7.904419549195492722e-01,-1.608339217692247525e+00,-5.603634780600812437e-01,1.283082946764403376e+00
-8.750659340944312303e-01,-1.491914640227973432e-01,-1.734961359947268245e-01,-3.649845017764005717e-01,-9.843770962071203556e-02,1.039764193897076749e+00,-4.678845716272120314e-01,-7.122603830049356599e-01,6.897838032765785110e-01,1.111769358078796177e+00,2.876787872015390768e+00,2.473293982778963951e+00,-9.775576289936132035e-01,2.419718168652098544e-01,1.369662451194287867e+00,4.993188517505582902e-01,3.348449510793329864e-01,-5.966119946350088021e-01,3.223952706413674152e-01,-7.210208590389817485e-02,-8.414318466830126297e-01,1.121098434857239340e-01,6.275445594581501307e-01,9.453765189375408218e-01,4.008768176059856359e+00,2.242308909770175940e-01,1.314028680414770944e+00,1.385564801060727713e-01,-4.788643646343431759e-01,2.712759275455086661e-01,-2.364382249991640261e+00,-1.721788245209739499e+00,-8.142965207872143729e-01,1.132144210597291867e+00,1.533417728246668221e-01,-9.533248119303185941e-01,-2.376558642218355999e+00,-1.029611621113303045e-02,9.921668923245365868e-01
-3.177447984982796902e-01,6.084953842823316306e-01,3.405288726696955037e-01,-2.326769886598233916e-01,-6.514151515490669286e-01,1.535273631695247554e+00,-8.723983408877521439e-01,-9.820437566191494438e-01,4.223224674262628375e-01,1.217312969178877990e+00,2.310474352779178009e+00,1.741758634614363643e+00,-1.300019757646779350e+00,6.186956046348260907e-01,7.168661909049635073e-01,5.527568328185717972e-01,4.120960495143848878e-01,-9.644551879831938512e-01,2.227815977039256379e-01,3.070559836478857219e-01,-2.945030570475840048e-01,1.141808251729566903e+00,1.080626235710376415e+00,1.360850319513179585e+00,4.448111923645929444e+00,1.584054779063662211e-01,1.750579988536437481e+00,3.346260378135086921e-01,-3.760507512469326019e-01,6.115442489380180646e-01,-2.792121573442976512e+00,-1.818220338422375626e+00,-3.288374423260730373e-01,9.427162561284130327e-01,2.774487119738207053e-01,-7.987602774389993554e-01,-2.396015968907575289e+00,6.979892815091768288e-01,7.105610477457705576e-01
7.619861895626593717e-02,6.235031530107775222e-01,6.389789404919415938e-01,-4.603920324169242795e-01,-1.141610968352262168e+00,1.390863167861890348e+00,-1.026522188820450099e+00,-7.893194568045471815e-01,-2.100665508711415178e-02,1.030804831750368855e+00,1.338859902339623043e+00,1.055515804858656148e+00,-1.404211580753742528e+00,5.620794739832090103e-01,1.770647296060084419e-01,4.631796350424038922e-01,4.741899698258074669e-01,-1.111652469886726946e+00,1.645474891788456517e-01,5.115706776459922889e-01,9.491928149815230531e-02,1.543545227610642057e+00,1.086503040971723566e+00,1.300497026659158228e+00,3.954181566463094377e+00,-3.519482131930270485e-01,1.725481942454716311e+00,3.101297633507387741e-01,-1.848275972249061039e-01,7.870685413681354214e-01,-2.653341799654237221e+00,-1.122808283943741658e+00,9.473697961391928934e-02,4.996668463450504305e-01,1.909900754162969228e-01,-5.458614164578107220e-01,-1.676984980302446138e+00,1.131547345578410191e+00,2.668812407690261956e-01
2.149931440680676875e-01,-1.755041708125330835e-01,3.032385740617638548e-01,-8.651102993048305212e-01,-1.548985835310187742e+00,5.790584845730147867e-01,-9.327358683243629489e-01,-3.984180473235442999e-01,-5.479911571430337025e-01,5.266931640359541200e-01,3.791750881453929689e-01,5.964396450355894386e-01,-1.406718645935998380e+00,-1.787046048587126110e-02,-8.653448196510166168e-02,1.782086023263497188e-01,3.213648326080157935e-01,-9.560256418847428161e-01,8.165475056331124304e-02,3.073689570554102857e-01,-4.684126919159498775e-02,9.820968946025165902e-01,4.494204334029640591e-01,6.518173838294033517e-01,2.818906274626528763e+00,-9.658966677672646828e-01,1.249098145902898249e+00,-4.341100221980595530e-02,2.769675226095307322e-02,5.310811259618575253e-01,-2.256147321799848449e+00,-6.701544071686522941e-02,8.225399191659829579e-02,-2.057757261940322546e-01,-1.783068627455368094e-01,-3.563983602894400526e-01,-6.451407094285084298e-01,1.132871110103634393e+00,-2.281958371893886839e-01
3.816430451057200024e-01,-1.256190289159139661e+00,-4.832942457876592268e-01,-1.187616978129585554e+00,-1.855837491729305011e+00,-4.866346396760814486e-01,-7.604933915305567282e-01,-3.729180381003618233e-02,-9.610805222491318744e-01,-1.156310899112650004e-01,-1.765216172314049425e-01,4.290729772888227656e-01,-1.326576270072194141e+00,-8.039207837219141117e-01,-2.172486173568361281e-02,-1.283897244280177152e-01,8.002036351108865464e-02,-5.686246722947111421e-01,-4.907910768999940165e-02,-1.554797633484155950e-01,-5.506747329890160358e-01,-9.731947920400170482e-02,-4.419858267218586545e-01,-1.980371322405048706e-01,1.640972083006709381e+00,-1.161064761240896859e+00,5.538614269098064424e-01,-5.340420598401632857e-01,2.506420468262796075e-01,-5.516993451600139819e-02,-1.857571495245315063e+00,7.567843209586744280e-01,-2.508047636111753742e-01,-1.000712359324952949e+00,-4.801822057431630597e-01,-1.896978720105200744e-01,1.995335670058793198e-01,9.205087450767964752e-01,-4.449096469206618720e-01
9.075946503769550811e-01,-1.862984387982259182e+00,-1.132373567748420795e+00,-1.264603784721809454e+00,-1.978432628382452707e+00,-1.231028433413724921e+00,-7.022365455809257417e-01,2.783602986623396336e-01,-1.036341533846244500e+00,-5.917493302531877664e-01,-2.029687049055450276e-01,5.055188787456287303e-01,-9.751445152507101088e-01,-1.249717644874186018e+00,2.985710140630422060e-01,-1.598020099989442833e-01,1.027928853142383997e-01,-1.248958837231188279e-01,-1.769103031504709322e-01,-4.545104494301889231e-01,-8.833680108037971213e-01,-8.752791903106735827e-01,-9.094414250386890775e-01,-6.451455218802411018e-01,8.836368867535924210e-01,-6.350107580754476011e-01,-7.069192553259454059e-02,-8.067678403675380139e-01,5.152790337154014022e-01,-4.898696138655048715e-01,-1.406296635942870799e+00,1.008275260354277059e+00,-4.313978823086296877e-01,-1.576031446013417714e+00,-2.836614576745900007e-01,1.025114514382930303e-01,6.314399907378052124e-01,8.588330838607867168e-01,-1.850430290500158226e-01
1.783679968049764142e+00,-1.591798643061564933e+00,-1.182913384725083228e+00,-1.124973281434296091e+00,-1.829427080689164820e+00,-1.345273934309922037e+00,-8.216607061836419534e-01,6.512393947538130945e-01,-6.947103560998503236e-01,-6.886085030174002863e-01,6.898924684229217064e-02,6.529835167881281599e-01,-1.858558505749015322e-01,-9.914925336095677944e-01,6.574160963203168340e-01,2.177753449215951986e-01,5.980776529875956316e-01,1.993739561859954323e-01,-2.308360682318877088e-01,-2.467236768618304432e-01,-6.225797189078372540e-01,-8.205363070065183617e-01,-5.711953552547865964e-01,-3.732217955529947839e-01,5.702173256811925439e-01,4.261112441894303049e-01,-4.464566295962411613e-01,-6.640801569291735484e-01,8.051003582452785912e-01,-3.157749552500868084e-01,-6.843126976507863946e-01,7.802753380819453799e-01,-9.408070828730955015e-02,-1.694642229590540339e+00,4.550089097121368664e-01,5.548233159232082157e-01,7.789956675106374240e-01,1.110198162233621666e+00,3.369358090206379108e-01
2.572829979246506582e+00,-6.964384555746113703e-01,-6.749752709643634940e-01,-9.442623324157994880e-01,-1.430078288338152870e+00,-1.006682409982449844e+00,-9.919159836474258363e-01,1.070424310996237249e+00,-1.165016511944299699e-01,-4.446409698265488819e-01,2.234757660621005948e-01,6.218524083530756474e-01,8.519157606147494954e-01,-1.642885741450129111e-01,7.552140811705883028e-01,7.895403599197432509e-01,1.353509446213671419e+00,3.165006217620651152e-01,-1.987286591498611532e-01,4.263732961325050197e-01,1.884143431990422113e-01,-6.411936656020211789e-02,3.130396255018404461e-01,3.705566413712672036e-01,3.706882709991288771e-01,1.441448383770226105e+00,-5.650176304107507042e-01,-2.632546377860607856e-01,9.978363875017214335e-01,4.371761735144478189e-01,3.141002347395395744e-01,4.400130488638464010e-01,6.496245614650840716e-01,-1.385617690206010222e+00,1.264733424300551246e+00,9.803532646113513049e-01,9.057598309114860413e-01,1.476541357197245219e+00,5.954629372988834435e-01
2.717733231378699710e+00,1.252203757999993117e-01,-4.950488793523553227e-02,-8.913228275666609246e-01,-9.289940769416903388e-01,-6.932518830977162372e-01,-9.643468080705445145e-01,1.308108345895266700e+00,3.367603360257441225e-01,-1.077285517874928267e-01,-1.282362709709682427e-02,2.345279493745238142e-01,1.556722469338254422e+00,6.576456724679553556e-01,3.814472694461650271e-01,1.115873911049234390e+00,1.840024490537631507e+00,2.431875129221362508e-01,-1.532462184949768269e-01,1.137311795840565631e+00,1.095009874014817530e+00,7.802972409988144786e-01,1.058660771553688651e+00,9.839001372165272485e-01,-1.701247030416729727e-02,1.828459921276088362e+00,-5.281384965321032077e-01,1.185363843582703906e-02,9.200692813974229445e-01,1.191485061446340810e+00,1.187597338253095547e+00,2.951790492234299679e-01,1.274836229243994978e+00,-9.304462356477998242e-01,1.521278161874969781e+00,1.100748183708359251e+00,1.118523895099717169e+00,1.565065752145200273e+00,1.903915249691681411e-01
1.985462120309809730e+00,2.883595737778163470e-01,2.918724494093840605e-01,-9.846480492792731853e-01,-4.873980935719945395e-01,-7.453366169708460776e-01,-5.315803743127455183e-01,1.078150609030474882e+00,3.686278266571752504e-01,6.808167325591023278e-02,-5.484019126459224180e-01,-4.549944515588634775e-01,1.355646305536440277e+00,8.751381272043720072e-01,-4.078528589322765741e-01,8.835050326591853409e-01,1.628800839044132420e+00,4.746589610934780906e-02,-1.987122364834275623e-01,1.386435235908578756e+00,1.618087164019758051e+00,1.147095184424076653e+00,1.142523410403091022e+00,1.024210865998284925e+00,-5.510965532545590850e-01,1.391528181865508307e+00,-4.512310423914179802e-01,-9.690998549947744956e-02,4.851700436667237271e-01,1.272168013764229499e+00,1.372961987671587947e+00,3.667800946688170027e-01,1.284352965118215506e+00,-6.307883853740521296e-01,9.848107136888987201e-01,7.978640901649687311e-01,1.269878199206036173e+00,1.129660620914991531e+00,-7.672324882864993700e-01
6.716682740652112349e-01,-2.375634068488456929e-01,3.330098352144133522e-01,-1.072153878062896970e+00,-1.437190353105748108e-01,-1.057446145606417920e+00,3.117989805439360662e-01,3.217161115141898287e-01,-2.716210127742290162e-02,1.534826241693849815e-03,-1.010203424801017213e+00,-1.149659539774340988e+00,2.116868121677064341e-01,3.115534605172618488e-01,-1.272675730397853755e+00,1.757539421194641016e-01,7.564176835135840715e-01,-2.160012519406024067e-01,-3.858262200983001433e-01,9.836990022357274821e-01,1.621432891346998639e+00,9.382614122337943341e-01,6.307828419675656217e-01,5.740824944899705073e-01,-8.893496987501789963e-01,4.182334768177138895e-01,-4.099023033605851407e-01,-4.654172497584725399e-01,-2.025183261807352308e-01,4.923941322456183434e-01,6.482037149933705944e-01,4.333293621817378982e-01,6.342104138117409251e-01,-5.621162474228118544e-01,2.519298199667900987e-02,2.426749989871695712e-01,1.127740547302262142e+00,2.923147729647203041e-01,-1.691592085671606460e+00
-6.033705309190612320e-01,-9.560203166365953686e-01,3.804439668848256795e-01,-9.520652606094931469e-01,1.960368964340542253e-01,-1.178247220139338580e+00,1.319112918540375601e+00,-6.567960830563212005e-01,-5.578232964355850365e-01,-2.114451057077028351e-01,-1.076933243938046569e+00,-1.506164867406539098e+00,-1.218559444690567650e+00,-6.640209057240730184e-01,-1.791628235926184809e+00,-5.852306580302133465e-01,-2.886089197001019957e-01,-5.226245977603283244e-01,-6.675821609660791411e-01,1.941237629763028216e-01,1.354274374073234810e+00,5.114494993180048743e-01,7.018740506177144345e-02,1.345928769112302026e-01,-7.469552034055588763e-01,-5.583469112260319722e-01,-4.417208083080380043e-01,-6.716346742330622233e-01,-8.776794448939291282e-01,-6.542498152257701927e-01,-5.746712375768691095e-01,2.743602738235768612e-01,-2.303693222471299151e-01,-5.467341465123337629e-01,-6.777233367307364809e-01,-2.325905575037250095e-01,6.373717469513350276e-01,-5.409713723433949850e-01,-1.982937957586941691e+00
-1.330010443549464627e+00,-1.290005434576299015e+00,6.837827806621883386e-01,-5.376378196312150415e-01,6.233312511315051152e-01,-7.375028941076060551e-01,2.104247275464134592e+00,-1.358739368184820107e+00,-8.588218949448424011e-01,-4.429517679212575110e-01,-7.756654259704340859e-01,-1.404640264725266929e+00,-2.005398495135874537e+00,-1.430335058428047423e+00,-1.750048180561510014e+00,-9.754471684734005166e-01,-9.484288562772691389e-01,-8.399887817637001763e-01,-9.301287121660566370e-01,-4.656445956913933815e-01,1.169618481546761402e+00,3.040792046340519139e-01,-4.048257279204840742e-02,1.486930576478177335e-01,-2.243179916500733229e-01,-1.116367767561913471e+00,-5.599987255088052507e-01,-3.624294966261299433e-01,-1.270796568773950641e+00,-1.386919894098698869e+00,-1.481590953747590200e+00,-1.126315678682801580e-01,-7.517866416444624056e-01,-3.763226317094941487e-01,-7.004783304359485374e-01,-4.093494572443919788e-01,2.429325226324265813e-02,-9.907271942509719986e-01,-1.524446891656929148e+00
-1.421348264870089695e+00,-1.051365783304965662e+00,1.132080912880135015e+00,6.853939743799389306e-02,1.086560356849244124e+00,1.784496937230226898e-01,2.365154348313224464e+00,-1.445653345050666561e+00,-7.720196767924918380e-01,-6.632793076517943254e-01,-4.687203126546469756e-01,-1.055883960519325315e+00,-1.635815313568465879e+00,-1.576849582608538691e+00,-1.281221821339543210e+00,-8.848101654347358958e-01,-1.014029116461707014e+00,-1.087235194502309987e+00,-1.066966328379848283e+00,-6.121881666523774079e-01,1.199176238946584983e+00,4.501373132745516981e-01,2.966897052157721482e-01,5.890359640289039023e-01,2.189589908360895787e-01,-1.151167556403309256e+00,-7.456952624793982132e-01,4.135017510232220639e-01,-1.278602195513205197e+00,-1.280598347003805593e+00,-1.460405428466068800e+00,-5.025102036811007755e-01,-7.104400482663599803e-01,-6.507645101769780893e-02,-2.141259689035241998e-01,-3.524816046795093971e-01,-3.605162811893711794e-01,-9.753458603247890935e-01,-7.781608405310167509e-01
-1.176877631900266730e+00,-5.391058140428264256e-01,1.332387896100142299e+00,6.492664770556039189e-01,1.402212204426357633e+00,1.045510120587874736e+00,2.076892380811956595e+00,-9.852537950164997893e-01,-4.423175676216301033e-01,-9.234168073266625365e-01,-5.256079885757282133e-01,-8.286905960541292027e-01,-3.981918250014799820e-01,-1.163553088933302115e+00,-7.372536140042997843e-01,-5.408614518247150116e-01,-7.266092421671457302e-01,-1.150670337686706013e+00,-1.033922259792082299e+00,-2.575912140326322985e-01,1.275189553213791571e+00,7.078417937659303716e-01,6.123950505841562197e-01,9.826415961127646925e-01,1.406220233521320584e-01,-8.271245842459427067e-01,-9.331146763116904275e-01,1.201154564507890710e+00,-1.020747515277570683e+00,-5.931812891243114505e-01,-5.733771267522294046e-01,-6.323341687495840358e-01,-3.586447286562608472e-01,1.311957655380295573e-01,1.927021896796966283e-01,-3.195594348150323505e-01,-3.160497951085182722e-01,-7.249382004552822334e-01,-3.902947429036952576e-01
-9.748536265598988226e-01,-2.121370218829184973e-01,9.961170748958972920e-01,1.029761080741948609e+00,1.424180949918445460e+00,1.313262780747543212e+00,1.512310216771568294e+00,-3.815864064814916690e-01,-1.598726326025198541e-01,-1.222999081183915315e+00,-9.663589793398191796e-01,-9.291538658183190469e-01,8.653169446788959718e-01,-5.943010675121805919e-01,-3.979623933343026665e-01,-2.483172149919024851e-01,-5.033578310124996458e-01,-9.598240403802287268e-01,-8.494699676208191663e-01,2.413895586035971208e-01,1.140458802188512033e+00,7.181072768450401655e-01,4.399378558965300612e-01,8.465377024915869963e-01,-4.934613095076534339e-01,-3.878617245758133603e-01,-1.028781172935432586e+00,1.476292840645054172e+00,-7.420850401429346377e-01,4.449307222377543898e-03,5.093413389513333778e-01,-4.181914189721230302e-01,-1.435908296142958118e-01,-2.649073700799760289e-02,3.542306691133132596e-02,-4.982021474323249377e-01,5.441798992625671710e-02,-5.489016820028781440e-01,-6.487692872716598336e-01
-9.755968206618271799e-01,-2.516102608886560121e-01,2.549111144522330785e-01,1.184063939661420761e+00,1.206452535526949532e+00,8.574483193947562976e-01,1.058541295805150551e+00,-5.160661950732452902e-02,-9.858419864827873413e-02,-1.424655820890236901e+00,-1.407522518483512286e+00,-1.214855030116545720e+00,1.421212740300505706e+00,-2.486872940153042055e-01,-2.706277054376750035e-01,-1.118707152992693965e-01,-5.584847910193934117e-01,-5.611040216153023730e-01,-5.585503760925522032e-01,4.792105188751587530e-01,7.229870868580366983e-01,3.344317138292173253e-01,-2.320449545698184957e-01,1.362354449763223674e-01,-1.266955757947772154e+00,-1.107725730023437563e-02,-9.692007604248477071e-01,1.046535483706645620e+00,-6.354393036313795706e-01,3.607824353520612537e-02,1.058794258014458256e+00,-1.741350034578513159e-02,-2.903037989011409414e-01,-4.671229205679905960e-01,-6.627049755955570776e-01,-8.197429777773094228e-01,4.387892964485451963e-01,-5.737277187277090018e-01,-1.262693178799756843e+00
-1.064327064486697560e+00,-4.061358085822012742e-01,-4.087953529114163320e-01,1.208608558949953116e+00,9.828975058296485212e-01,7.973149063412064697e-02,9.505676994511564892e-01,-1.217520421064898078e-01,-1.857505355209951581e-01,-1.332366632336452250e+00,-1.382833853038736738e+00,-1.322981565304858886e+00,1.156447381306821232e+00,-1.988565558731621163e-01,-1.511337178881366761e-01,-4.610343122769719991e-03,-7.590190812787962482e-01,-1.127367030601777592e-01,-2.049991402155079967e-01,2.908712121228118619e-01,2.119568332029793944e-01,-2.629785474952446300e-01,-9.490000952020397618e-01,-7.009704777451265523e-01,-1.669517570349494440e+00,2.099920502914859322e-01,-7.704133958618102351e-01,1.911564981388584883e-01,-7.135806945781335564e-01,-3.911112645689399647e-01,8.484138119923400057e-01,3.056119404295387088e-01,-6.218537313506240505e-01,-7.908940916469356930e-01,-1.421683825051371253e+00,-1.021372161098776044e+00,5.701298972708783719e-01,-6.739994005019699364e-01,-1.641986674319949380e+00
-1.027790717926426955e+00,-2.446329169986215246e-01,-5.639986865132631255e-01,1.201537725158208003e+00,9.615700050174909030e-01,-4.326773827977962728e-01,1.119079184698479779e+00,-3.870528821750891524e-01,-2.072948717284254228e-01,-8.776358920423638077e-01,-7.694429761249651500e-01,-1.010674099146683602e+00,5.353443179920822637e-01,-2.284983531543064716e-01,1.226170356553677315e-01,2.124203866569564780e-01,-8.161197019758487103e-01,2.147586318703371966e-01,1.644488116002419953e-01,-1.812364415898370107e-01,-1.222664355907026462e-01,-7.384128690148904495e-01,-1.222356025850085404e+00,-1.117089842293480295e+00,-1.535310880827932767e+00,2.254981167936085662e-01,-5.153555155361881912e-01,-5.592513179414400071e-01,-8.157970600854781429e-01,-7.556816265642634090e-01,2.633207396731604422e-01,3.895585913804307521e-01,-7.580417507883107087e-01,-5.914753804047210295e-01,-1.734512709679260301e+00,-8.916818430446180610e-01,4.200995232538948243e-01,-6.341872747113399544e-01,-1.412857423906235033e+00
-7.683518736251421233e-01,4.234883564715786197e-01,-1.955999429613795859e-01,1.167242275851556155e+00,1.124125340915263838e+00,-3.911263863251015493e-01,1.273099291978246006e+00,-5.384991609107362409e-01,-3.205544379039149128e-02,-2.293588052934080745e-01,6.204918974814251781e-02,-4.024387304952121713e-01,1.069769171803618274e-01,-8.941663490775748901e-02,4.714185661960834106e-01,4.670767572673690804e-01,-6.012008725391834174e-01,3.624042400128896779e-01,4.846878727225795713e-01,-6.536313450035978745e-01,-1.763746885888425597e-01,-8.778989782224114746e-01,-9.872118899928771230e-01,-9.469337135978763698e-01,-1.165447064983328840e+00,3.295767689935902300e-02,-2.815656933454079858e-01,-8.076681148495628015e-01,-7.343551170121660476e-01,-6.630405876938281207e-01,-9.540258345065336099e-02,2.896739094969600359e-01,-4.847386881647968715e-01,1.519657327577889350e-01,-1.477943588964087063e+00,-4.631385707704356314e-01,1.818373349125793348e-01,-3.752911227742691258e-01,-7.109462148227335687e-01
-3.693506422283134305e-01,1.339087900445467660e+00,3.048497730684606721e-01,1.034203830150649317e+00,1.235550837925237122e+00,-1.551438720905558809e-02,1.154490942779243801e+00,-4.382173716463919066e-01,2.652471022360211594e-01,3.023109863025369437e-01,5.254894894477032397e-01,9.029698997815335804e-02,4.925055149065141885e-02,2.633630145964141467e-01,6.246666028248500924e-01,4.976984011202822411e-01,-2.793988975373440375e-01,4.273321044244235423e-01,6.814126018294370812e-01,-9.257111320500567286e-01,-8.995459879963615957e-02,-7.289883836382425875e-01,-6.501241530001051760e-01,-5.494072651194337187e-01,-1.021698351170771568e+00,-2.655081544764792412e-01,-7.679454537783024504e-02,-5.327172536327133834e-01,-3.659230453397840921e-01,-2.324493557360370333e-01,7.029012426619773990e-02,2.120351729773081728e-01,5.431156952244402952e-02,9.897623367712097275e-01,-9.552980399432385861e-01,2.848697158526980119e-02,8.264842647932020558e-02,-3.770847969749119288e-02,-1.429528000318708476e-02
5.443766696726466507e-03,1.974955101857635675e+00,5.058143880044718710e-01,7.624700462147293578e-01,1.075382553791397022e+00,2.017258229367459021e-01,7.573995817925641694e-01,-2.028866497330191199e-01,4.947108779195823480e-01,5.040045742652480287e-01,2.996874049816442009e-01,1.205867706824981234e-01,1.471124161003234954e-01,6.616521965255388604e-01,3.798371205991376010e-01,1.161796863498362475e-01,-1.451514270172575005e-01,5.805862233266294581e-01,7.119691376284631446e-01,-9.737111167079463003e-01,-8.692880534774630186e-02,-5.112199987419207003e-01,-6.827953991267696754e-01,-4.788166204406442694e-01,-1.273157046495499545e+00,-4.513053372486250381e-01,1.489623533762299279e-01,-2.729099747336530962e-02,2.147518658442246209e-01,3.672155978625153000e-02,5.662544453988556103e-01,3.336435937675945596e-01,5.059515055688165175e-01,1.345784555333633170e+00,-5.736087132695878443e-01,3.704817380020533069e-01,2.026507543860828209e-01,1.435189685494131784e-01,3.007878289777430880e-01
2.457439094375177269e-01,1.944195916723083783e+00,3.105991812346086678e-01,4.307935761142426823e-01,6.788023930432606212e-01,-4.186363025060693688e-02,3.286512092579164102e-01,-4.669480869873104956e-02,5.551861194212066586e-01,4.283056773750119617e-01,-4.014132506335931216e-01,-2.796310608750352533e-01,1.541803529606859680e-01,9.120322324690740556e-01,-1.689594500607614347e-01,-5.462145544052846580e-01,-3.309213272175552945e-01,9.151051361514658256e-01,6.019578886730486689e-01,-8.769277971039596276e-01,-2.498910635284175563e-01,-4.131608706379497065e-01,-1.147668058960441106e+00,-9.767458839614321375e-01,-1.617770836412965263e+00,-3.055368499374651603e-01,4.205753642946283288e-01,3.702427404616915885e-01,8.010961275232818535e-01,-2.169769785326768063e-01,9.665349126415877512e-01,6.576402709005041425e-01,6.347786587449611995e-01,1.012740467385478960e+00,-4.779433288521431344e-01,5.602654496589258848e-01,4.451127597061474983e-01,4.396784540429830856e-02,2.642186172570015756e-01
3.331295568852949973e-01,1.287864708424321769e+00,-6.349801400773749660e-03,2.127393437561360123e-01,3.463284983867361833e-01,-5.793990246728626392e-01,1.471989341872095847e-01,-5.312975186239046049e-02,5.401591416923106070e-01,3.328454250939111847e-01,-1.006434001306412362e+00,-7.071089562287053987e-01,1.231448878678541026e-01,9.748790318782155628e-01,-6.536912269774857176e-01,-1.073254324878071708e+00,-6.705854192560616323e-01,1.345826354881684228e+00,4.336105984573606076e-01,-6.956154930043167983e-01,-4.524328920853206149e-01,-4.669848052222589363e-01,-1.606678853704251564e+00,-1.732488898757411633e+00,-1.553542534066348013e+00,2.010971495688917698e-01,6.686290691056508972e-01,5.133145629271295141e-01,1.182281319600866132e+00,-8.208136886794149545e-01,1.032557230233055678e+00,1.013857317871427632e+00,5.116075852518715550e-01,3.509159517919633875e-01,-4.720221589684164276e-01,7.706514539326473345e-01,6.535051618794920358e-01,-2.546610738574157096e-01,2.163330226859072891e-01
2.820996355473633366e-01,4.186171639948683687e-01,-1.164520413651231462e-01,2.556195212045997422e-01,3.884717620226379453e-01,-9.155763294902122817e-01,2.720168378161734180e-01,-9.451040751869310697e-02,6.333720276727488052e-01,4.364193950383397635e-01,-1.061705165573210818e+00,-7.193503264133198627e-01,3.548598380444140665e-01,9.615041886771616975e-01,-7.027473139825974879e-01,-1.081712564478406025e+00,-8.420011359794682404e-01,1.650011268203603443e+00,2.838567563944814354e-01,-4.380389767834206305e-01,-5.102933620134512127e-01,-5.864425076956044647e-01,-1.506422228091294890e+00,-2.122387466241366649e+00,-8.615232468890358097e-01,8.154641261710122713e-01,7.578378337966655831e-01,4.842254086059391560e-01,1.265528143581752252e+00,-1.186517677342396881e+00,8.910928142407995578e-01,1.194163148469494118e+00,3.963651811732650243e-01,-1.522399035950695000e-02,-2.646240564484416691e-01,1.131384450231129435e+00,7.466606965854762912e-01,-5.556192252576682700e-01,4.352866592277953584e-01
8.654653519169043518e-02,-2.018973207427770533e-01,1.816303592222726082e-02,5.662182361070663417e-01,8.285094326042617974e-01,-6.525819241793441305e-01,4.799283901917371642e-01,3.357020539531472419e-02,8.953002156465565964e-01,7.118921906629430696e-01,-5.958569859015615533e-01,-2.051631488473060205e-01,1.027047140981067308e+00,9.740523095593279779e-01,-2.324811697101343277e-01,-5.484421244893984415e-01,-6.493440144397534253e-01,1.625824216270707723e+00,1.637014316874773334e-01,-1.312958448092019503e-01,-3.911506170584518327e-01,-6.893902174254825654e-01,-6.886812827731163544e-01,-1.722196940841801860e+00,1.392041259812505372e-01,1.134230324563207715e+00,6.058634404551276331e-01,4.526099365420931386e-01,1.116703475600201001e+00,-8.481216402006178656e-01,8.394084738399599788e-01,1.109433115969775452e+00,4.507882809414811565e-01,2.465558991414850687e-01,2.194788335393434153e-01,1.549094174456016493e+00,7.525662373480684897e-01,-7.257340638391334142e-01,8.590802248432521937e-01
-2.499536028265370025e-01,-3.692861111237009109e-01,1.182038376777559407e-01,9.996550915008859395e-01,1.344193151498875194e+00,1.738144600803927797e-01,4.520643082651490396e-01,3.991641496476854289e-01,1.160084506110079294e+00,9.063191494308578955e-01,-6.615120828137077691e-02,5.260464895440646327e-01,1.903034435172698879e+00,9.720749838643268914e-01,4.862702299314327625e-01,1.544424332449197412e-01,-1.845578299279704571e-01,1.249517591019351670e+00,1.959718216203946983e-02,1.168281914219170270e-01,-2.635459202401297940e-01,-7.626662937744433934e-01,4.417780871792321151e-01,-6.578711934241954218e-01,8.088070904482038692e-01,8.995663972385921081e-01,2.874149729928350827e-01,5.093694316830295055e-01,8.993147114440895873e-01,8.066141210787380889e-02,1.012484076367502928e+00,8.464904921304944319e-01,5.764819831106234860e-01,8.666885047998098557e-01,7.622079236660416202e-01,1.755008422698199455e+00,7.356616516139534712e-01,-7.895236755665213657e-01,1.162264670540507749e+00
-6.377919120174996293e-01,-1.981437026668517176e-01,-9.345177669185178448e-02,1.353924548074362688e+00,1.519853017998084699e+00,1.126731229697907510e+00,4.804276201273924990e-02,8.463165054420296318e-01,1.164760676540456341e+00,7.709343833252572109e-01,5.490748012762081132e-02,1.006455883354846037e+00,2.449428474890200658e+00,8.154738350386681045e-01,1.036198052217909060e+00,5.593763769218085269e-01,2.686940121315248287e-01,7.074897110633886488e-01,-1.955023270930175694e-01,1.732827370647638532e-01,-3.271456748339728882e-01,-8.133475828720744261e-01,1.245090711535418393e+00,4.907910321756305261e-01,7.013614420872152921e-01,2.278506992784982421e-01,1.408844699646841746e-02,6.088557399173897267e-01,7.580794390781427916e-01,9.665982148252209027e-01,1.257372767687862991e+00,5.871649511843214375e-01,5.407498431216711809e-01,1.208368558346935018e+00,1.064980729540925264e+00,1.548590375184677237e+00,7.114603745749175090e-01,-8.588887514934733236e-01,1.096476456971171354e+00
-8.905560488811646858e-01,5.442715095057095581e-02,-5.493665158846453567e-01,1.484578609835822016e+00,1.191650799851161624e+00,1.717707824541473194e+00,-5.737102887028679987e-01,1.114600217207833754e+00,8.056081070207333772e-01,2.916896089176906348e-01,-3.119906751113813437e-01,9.887196382931467964e-01,2.280636812412570880e+00,4.450088174761419602e-01,1.154256324214949725e+00,4.770828792686328534e-01,4.855176562546540953e-01,2.744646552535852102e-01,-4.439523103773075352e-01,2.535602340131191262e-02,-5.913855668225631579e-01,-7.860413558538223988e-01,1.371398484891219738e+00,1.136000922254944978e+00,-6.445503537427194063e-02,-4.376892899787683811e-01,-1.423667099326376105e-02,6.311644969097233160e-01,7.282726969624194746e-01,1.197480943170670997e+00,1.324719248952672679e+00,4.580027050563557633e-01,2.593501332727566333e-01,8.523256378649461951e-01,1.030691507012565955e+00,1.007536246934628510e+00,6.352194574579377306e-01,-9.815082058898219053e-01,7.527452692691651848e-01
-8.355614159320418066e-01,2.091061313268957889e-01,-8.334235352381595963e-01,1.352581942572447460e+00,5.735536802987941662e-01,1.758786347085965707e+00,-1.095613987307438864e+00,1.055419616849457398e+00,2.775439489986214481e-01,-2.849044590083993911e-01,-7.946855417586974335e-01,6.186638981471661580e-01,1.507777057348352434e+00,9.597645715788603871e-03,8.820588382329259680e-01,1.176943742304590035e-01,4.730431615093185216e-01,1.277414989607239260e-01,-5.989664924220756692e-01,-1.367850626317339835e-01,-8.340408923068631797e-01,-5.681224959957117404e-01,1.013511486107159243e+00,1.099367014449076363e+00,-8.963886181692134469e-01,-6.431121107282397054e-01,2.319766324625690823e-01,4.827766797251805131e-01,7.333204425216137690e-01,7.198024820159956150e-01,1.156494506360465691e+00,4.284001411390654379e-01,-6.008888742426034962e-02,3.357940769650936963e-03,8.413518108933880635e-01,4.536386467273222922e-01,4.605637733575355663e-01,-1.067281880023289720e+00,4.864149664912860715e-01
-4.675402278779379750e-01,2.470794144317670638e-01,-5.560959337398987401e-01,9.955408864619643694e-01,4.810923135540189077e-02,1.430945331729739589e+00,-1.312669933792616872e+00,7.499352457439419917e-01,-5.655320785201846390e-02,-6.425486249160513585e-01,-8.912605726961638775e-01,2.757411541271508892e-01,6.434543713713303248e-01,-2.112157870782758184e-01,4.725202428726910653e-01,-1.329211717493507527e-01,4.249099308479620252e-01,2.357639252338727398e-01,-5.346570457695339895e-01,-2.820901589846182625e-02,-8.037047122578003799e-01,-1.093443163160940923e-01,6.768631653752666955e-01,6.747536336151892522e-01,-1.199173115589336147e+00,-2.692374201474201367e-01,5.833856412467781638e-01,1.576333868649934244e-01,6.702351504821255634e-01,8.634434884538301491e-02,9.551867170560739417e-01,3.350993999235333809e-01,-8.215334865613954651e-02,-6.670923881602461858e-01,7.661845952301896689e-01,1.884146972563306710e-01,1.913482409862618250e-01,-9.703437053908815502e-01,5.753027503895831174e-01
4.233054385972236794e-03,2.398521084978025575e-01,2.292480460251608843e-01,4.836996504828903753e-01,-1.831141216305813002e-01,1.054746707555245910e+00,-1.288053486520269297e+00,4.280139896367662899e-01,2.733210943177818292e-02,-6.187140476496054697e-01,-3.787541340623390984e-01,2.469577950938514621e-01,1.385943533869287980e-01,-4.342373049514262201e-02,1.699069575467323789e-01,-6.038145733124870851e-02,5.230169823829911024e-01,4.006439547765398013e-01,-2.407946028076520251e-01,4.797454861238648616e-01,-4.852576015360398620e-01,4.550386123470396837e-01,6.984362671819078772e-01,3.266289426837596377e-01,-8.229716223691033727e-01,3.733146305650816288e-01,8.053378295085061866e-01,-2.562539508115155851e-01,5.160948290974675112e-01,-3.122603236945327779e-02,9.519209833238034824e-01,1.569571210134920042e-02,3.207265985337259262e-01,-6.196172100220251888e-01,8.945682015110260066e-01,2.331944678834225737e-01,-1.312774316185804646e-01,-6.456114695537206183e-01,9.400552458341101536e-01
2.887161680829828936e-01,2.490513465526779935e-01,9.792265153369443809e-01,-8.496445205155225833e-02,-2.615121853234103066e-01,8.050489708823871382e-01,-1.251736856299510592e+00,2.686056095557494139e-01,4.011129550351693607e-01,-2.646631228368176991e-01,5.339207056341970237e-01,5.226974432886564159e-01,-1.005778821150519510e-02,3.997298453764456805e-01,6.124710843146027178e-02,2.282056703100994455e-01,7.781616733762884985e-01,4.171509463462607092e-01,1.438718922050832016e-01,1.179128437846336031e+00,-1.638450183895446555e-01,8.250053788124311893e-01,9.621221437841988022e-01,3.081731908393864350e-01,-1.249330530791883526e-01,7.816482142729392901e-01,7.822081175023872790e-01,-6.004565675369797351e-01,3.677977985461322596e-01,5.720357214998875728e-01,1.111650467646791318e+00,-5.467375637026558044e-01,8.848657791783366422e-01,5.179234208012775675e-02,1.052211709070371093e+00,3.149843742478282693e-01,-4.824705261415409008e-01,-2.187669825487220943e-01,1.198201942061052350e+00
2.353611537938548603e-01,3.037127132916220273e-01,1.072011383580971922e+00,-5.667553932487555679e-01,-4.932900332545568922e-01,6.261924529975647635e-01,-1.342532585998847505e+00,2.633888048106346469e-01,6.686658310854620701e-01,2.793029967866625385e-01,1.404683903257423649e+00,8.628098191647398663e-01,-2.030363246023378920e-01,7.738265477653181179e-01,9.415502161908981260e-02,4.701081188867681782e-01,1.040486113349533559e+00,2.266182694153937860e-01,4.252911247449444043e-01,1.612916051119555050e+00,-1.948711183203632458e-01,7.330117208658358807e-01,1.058035768953626610e+00,5.130616380173188551e-01,3.750023949810716295e-01,6.409158959526742860e-01,5.953461647936650891e-01,-6.910929098852853780e-01,3.737074878102039643e-01,1.469271636108421930e+00,1.096834616606634283e+00,-1.175441068964020674e+00,1.129386122927188207e+00,6.865946095255134329e-01,9.756886932958845904e-01,1.195101271709626545e-01,-8.726373435915469878e-01,1.122959197853596741e-01,1.008215098889557515e+00
-4.126559383570161527e-02,4.384126750336586609e-01,3.396924975888539477e-01,-7.962458314864284681e-01,-1.002432342962829681e+00,3.868814596551280460e-01,-1.446454824828108388e+00,2.602828920508040711e-01,4.923769140210685347e-01,9.315174947545522555e-01,1.900051123209035797e+00,1.029371801190370084e+00,-7.864332858953415606e-01,7.721277916135840247e-01,1.896368381121281699e-01,5.420257981872019792e-01,1.141909024346775325e+00,-4.557451112340039912e-02,5.078088394744899592e-01,1.412749066853835611e+00,-6.666199728522024248e-01,1.796778026706861153e-01,7.148401970814487472e-01,6.431186523584390136e-01,4.236589156003426337e-01,4.386624368993326945e-02,4.338701017367562196e-01,-3.990359512386417729e-01,6.014074423751994969e-01,1.990304804524988258e+00,5.656002953080218054e-01,-1.589351266357767800e+00,7.654525476669077344e-01,6.559759587841575978e-01,5.728560615015344526e-01,-4.129384977701982540e-01,-1.295444567714592932e+00,2.604418188526954614e-01,3.867978184629960459e-01
-2.511024779029989995e-01,6.951790545482279260e-01,-7.529756133545366659e-01,-6.801490312922114923e-01,-1.553155412122229295e+00,8.459613874132546063e-02,-1.300267352838793578e+00,1.368843175646289045e-01,-1.133943813872892170e-01,1.671443556274448961e+00,1.981019882466189097e+00,9.575155419060038531e-01,-1.649223241512278948e+00,3.836568928517650745e-01,3.127492750349643580e-01,5.819644875732471467e-01,1.024645001837897418e+00,-1.896679833007374194e-01,4.762881127326140107e-01,6.313090936223406668e-01,-1.267015957650938995e+00,-4.982301171558101704e-01,8.825871267204792037e-02,5.039817011726218654e-01,1.884904333617858363e-01,-6.137873157071224162e-01,4.271563105999032772e-01,2.457931046636744610e-01,9.458588157535265939e-01,1.802071363832369100e+00,-4.585078935375050957e-01,-1.575790971395772067e+00,-1.706691211803585892e-02,-3.848978652464236927e-02,2.048153306766043943e-02,-1.016817672608624212e+00,-1.658202301253280719e+00,3.389821438737563586e-01,-2.927953982690614243e-01
-1.657880784573306232e-01,1.047144657792442590e+00,-1.463905348700015541e+00,-2.975693052374230874e-01,-1.727424195164175780e+00,-1.184165918945932899e-01,-7.775525033066905678e-01,-6.163670105013528688e-02,-7.778695533124310169e-01,2.404135682830885301e+00,1.815250552589286581e+00,7.358099125229596860e-01,-2.275235006953830297e+00,-8.675011747596790557e-02,4.460687296457675477e-01,8.167380150526168947e-01,7.527671686380104088e-01,-7.018118838793790948e-02,5.243788565697627968e-01,-2.258999050837663392e-01,-1.505411202763100587e+00,-8.215899271093386469e-01,-3.644233207538299379e-01,1.629718583527707820e-01,4.450992632426957474e-02,-9.556333439970781107e-01,5.508840375495871466e-01,9.966671522139102235e-01,1.163358010364558659e+00,1.164268282462676218e+00,-1.506312922295029111e+00,-1.133297601318573156e+00,-6.593970707365978123e-01,-7.206373121597896558e-01,-3.889359746158475017e-01,-1.322311614084107134e+00,-1.788935675967109562e+00,5.557485723829151958e-01,-6.183710367288440812e-01
1.954477851934252053e-01,1.326105527795623296e+00,-1.373551183261633613e+00,1.018971045431759787e-01,-1.307940265895225496e+00,-6.086136412718864269e-02,-8.658821648803413651e-02,-1.497299240122116626e-01,-1.066734534910532384e+00,2.867154991557470112e+00,1.557726328582178521e+00,4.697345009400858418e-01,-2.216651274929718252e+00,-2.631172695676922690e-01,5.353808475935664113e-01,1.272682839674976973e+00,4.324618267979839503e-01,2.704524509939829624e-01,7.770147565707168358e-01,-5.423700268539775049e-01,-1.123913870398761672e+00,-5.063934645125385270e-01,-3.024526645571916084e-01,-1.417104827885389273e-01,2.229096773476725857e-01,-8.904785496953637747e-01,6.782450374078271560e-01,1.465413307106343099e+00,1.024235856583812332e+00,6.553697282070355401e-01,-1.983735429433817421e+00,-4.889083619718747054e-01,-6.727128498524509448e-01,-6.196209841645747840e-01,-5.010044110725186961e-01,-1.171337828641162426e+00,-1.551976110281685362e+00,9.923436255107210835e-01,-4.818400992634322422e-01
5.889700118050836819e-01,1.277678376587338294e+00,-7.157432089749340420e-01,2.429731135312162837e-01,-5.133436914060586220e-01,2.241409922038192781e-01,3.318022410456576976e-01,2.710115925754826710e-02,-8.239987199706737542e-01,2.742475465668815726e+00,1.234324924922294509e+00,1.977933045224219422e-01,-1.536895858080946642e+00,-5.966822442503924226e-03,5.049419095467687635e-01,1.671472924627323442e+00,1.423758566693631988e-01,6.313655219977584165e-01,1.155722357950867751e+00,-6.413938587408110625e-02,-3.439407497765396005e-01,3.092026146937069120e-01,1.783578797670166138e-01,-2.253337948901010523e-01,6.376357220752496557e-01,-6.184761954354288660e-01,7.060872203154613391e-01,1.336370564612855860e+00,4.795968938753902289e-01,6.437863694553470628e-01,-1.634907989627836233e+00,2.441867019168963288e-02,-4.191361392994132767e-02,4.229382144586361081e-01,-4.144301453555065962e-01,-7.473415471946255328e-01,-9.894596739542782515e-01,1.472191212543322969e+00,-1.423644208555928936e-01
7.560656107006452631e-01,7.561945759982006132e-01,-1.540165859439536489e-01,1.980737446936899418e-02,1.435023507230739348e-01,4.905754376150553431e-01,1.515427234038530246e-01,4.272048196458728686e-01,-2.765266260330710990e-01,1.926697287015080917e+00,8.195311805882163902e-01,-6.310425623435830800e-02,-7.829127060560444606e-01,4.730020120997070476e-01,3.451696564852224092e-01,1.639225374071075381e+00,-6.782800189874814423e-02,7.765863009497468994e-01,1.412038027330787315e+00,8.744778773940788952e-01,2.856410122557595521e-01,1.138588814058359322e+00,6.180933292230622600e-01,-1.035639128223448530e-01,1.009858040689672221e+00,-4.077141211813461452e-01,6.225675778275684413e-01,5.940780532853504603e-01,-2.846703776191074620e-01,9.876454399980626464e-01,-7.470773759223084953e-01,1.548638826216686137e-01,7.520372182766540403e-01,1.749784427853608770e+00,-3.560626764871652750e-01,-4.075752763470700812e-01,-3.534308833881236733e-01,1.661520663382809682e+00,3.201169160373402295e-02
6.355678500686583465e-01,-9.460698526334390679e-02,-1.995507976201794098e-01,-4.223143573416860419e-01,2.606503102791347670e-01,4.674366618171866272e-01,-5.388995847904535230e-01,8.020671880465655157e-01,1.737163874157305055e-01,7.147767060656871063e-01,3.828149403087864333e-01,-2.317812844918503701e-01,-4.912221725860073662e-01,7.791601704695652053e-01,1.696574871370290227e-01,1.049915207873338696e+00,-1.489130340764510396e-01,5.771368210632799034e-01,1.317110038383493054e+00,1.576775238287200676e+00,3.334365748101766891e-01,1.486027799546150385e+00,5.896443446275049238e-01,5.156268424091611791e-02,1.134975328993676147e+00,-3.582671539099859248e-01,4.584301019195151650e-01,-4.168972378856717897e-01,-9.548127457422624920e-01,1.210738540914935824e+00,8.015675799823962500e-02,-1.304940684269940421e-01,1.114107493841897112e+00,2.389710872870378200e+00,-4.440249685452997142e-01,-3.741068781746804683e-01,3.280612179287203944e-02,1.345841591436195417e+00,-1.053812566571884352e-01
3.990450852662664749e-01,-8.705591836670872885e-01,-7.759595810133371740e-01,-8.053161460450912745e-01,-1.420976989754487718e-01,8.371305679373446107e-02,-1.261578057363722527e+00,8.591724180196804728e-01,2.761493163381089633e-01,-3.215986779092000480e-01,1.096778488325068773e-01,-1.772510498869720175e-01,-6.883249867162217761e-01,6.386747995075934270e-01,1.477828152355379621e-01,1.795428219140245696e-01,-6.492248756721510916e-02,8.229941595110523700e-02,8.571752667324473718e-01,1.503973030237282460e+00,-1.460871891158239955e-01,1.204352060530586854e+00,6.155527640177670123e-02,8.062194270009691299e-02,1.036244469313815530e+00,-3.550993109395267355e-01,1.972877761494480076e-01,-1.183939763449592730e+00,-1.283580114131982253e+00,9.592844238510630506e-01,3.951414222886363570e-01,-6.355158505051546891e-01,7.985777238880930051e-01,1.845891699777417960e+00,-5.691698876306545696e-01,-5.614047690473248364e-01,-1.292933497621904636e-03,6.548064308993909455e-01,-3.784817696300939449e-01
2.869063572686231800e-01,-1.182458295078402388e+00,-1.301833041394847790e+00,-9.500279554339400301e-01,-6.809708441636260767e-01,-4.753735914885024449e-01,-1.505432256960204329e+00,4.741789833783636721e-01,9.557132998747601416e-02,-7.226279569064149033e-01,1.460474598428261606e-01,1.454837279614935308e-01,-8.700838425236474549e-01,8.771079774767881476e-02,3.471022231716537898e-01,-4.901253378480153744e-01,1.471985593886118715e-01,-5.179327897557133298e-01,2.670775782155942468e-01,6.835148305160805293e-01,-6.416469539035853931e-01,5.976100362133263122e-01,-5.900536324962541990e-01,-3.121793313102982914e-02,8.912447169585940854e-01,-2.240099218633771205e-01,-2.306212740623530821e-01,-1.358483278155416585e+00,-1.231110236382452872e+00,3.073098424250311766e-01,1.870200727382644035e-01,-1.049704483752481377e+00,6.705117237060638502e-02,4.957486273429253520e-01,-5.078234461596112803e-01,-6.872955110043332816e-01,-3.388167432649438759e-01,2.686867944821134252e-02,-4.913699886812265549e-01
3.959958508984284253e-01,-9.789131262837625913e-01,-1.207741778464778148e+00,-9.208422574708127195e-01,-9.725221654822600037e-01,-9.277430606277766723e-01,-1.126137449345634423e+00,-2.118180118556466374e-01,-1.055564216315937331e-01,-4.943053262119773139e-01,4.172139035355686976e-01,5.778553255273848333e-01,-4.990492686665625732e-01,-5.902697484187604537e-01,6.346623334440367747e-01,-6.572985778230671094e-01,3.488764439244264048e-01,-1.007991219068344213e+00,-1.390418855284990540e-01,-3.224354851556520685e-01,-6.021382640963295341e-01,1.838151797734093595e-01,-9.147444757412009908e-01,-1.643386841413538579e-01,8.409447552469337950e-01,7.631951815399239114e-02,-8.394615170391886982e-01,-9.857123500352505951e-01,-9.546293459120767100e-01,-3.501243444302093999e-01,-2.147380246362254053e-01,-1.114415768361031622e+00,-5.742310542893800385e-01,-7.367238174344151735e-01,-1.568786385281764062e-01,-5.549295719228470869e-01,-6.486095755463909818e-01,-9.070973436240420407e-02,-3.279685903824490767e-01
6.039601820197439963e-01,-6.287535542253274157e-01,-4.327226900640457341e-01,-9.465692262536841151e-01,-9.642870714759815831e-01,-1.117628531205085762e+00,-4.491571201312943296e-01,-8.831370929759282395e-01,-1.310304597736814680e-01,-1.129451286661434795e-01,6.242647475580919147e-01,8.159646613636525325e-01,4.410682606758051794e-01,-1.098680335179155643e+00,7.557298217547889774e-01,-4.341957738004623701e-01,3.722818011980346675e-01,-1.264309457845190332e+00,-2.105341643176166233e-01,-8.639663197503324454e-01,1.000403293339748451e-01,2.942804121821181451e-01,-7.588388424337263460e-01,-1.853636643788454941e-01,8.786770211954196830e-01,4.095499058152179406e-01,-1.474807769051867723e+00,-4.504792127110648914e-01,-6.687806972688000728e-01,-6.800356083373634286e-01,-4.964109152650870160e-01,-7.490361934997075144e-01,-8.099234738176113169e-01,-1.143892492601069399e+00,3.347323577588454113e-01,-2.434058326535131767e-01,-6.222695720122694008e-01,4.132105056593186054e-01,-6.353399251720895369e-02
6.888714568630972535e-01,-6.456940141521129162e-01,5.237141111402006111e-01,-1.180142029980755680e+00,-9.302150362855384769e-01,-1.101354630941835167e+00,1.722184846259735766e-02,-1.257905246713167502e+00,-1.065857603717526927e-02,-1.437335933379901287e-01,4.620935858190473033e-01,6.383691793060236597e-01,1.368581291703387937e+00,-1.323403081884632959e+00,5.431584730123615312e-01,-2.213408906289423828e-01,1.579232628378643422e-01,-1.304346539612920797e+00,-7.774883464096950247e-02,-7.038948645912406210e-01,1.047650176049010451e+00,8.166085982015970357e-01,-3.541397957959010467e-01,-6.020334596190123760e-02,9.041149716990319885e-01,5.976340654087201054e-01,-1.846175398171155724e+00,-1.774727692568374704e-01,-4.956809950815868060e-01,-6.928568491388512607e-01,-6.199482028438888515e-01,-8.093421669235596749e-02,-7.409620998576281758e-01,-7.723473619328499185e-01,6.688555293240094901e-01,-3.571958222822601420e-02,-1.972398189720513395e-01,1.197722869830468273e+00,8.310346654972008626e-03
5.321340188717813557e-01,-1.245233683280618120e+00,1.024626418911230186e+00,-1.517751157237904991e+00,-1.147796677301992307e+00,-1.035818771917851544e+00,1.517366269391437136e-02,-1.260448806026483126e+00,7.517694004331323954e-02,-7.742391313362637639e-01,-1.158428708962175868e-01,1.089260591926376615e-01,1.602999223821645725e+00,-1.340791613777140068e+00,6.853450341722734651e-02,-3.395114957594866367e-01,-1.725881221745164396e-01,-1.242337379873693415e+00,-4.088656230116686358e-02,-1.683864485339583994e-01,1.605044424136382819e+00,1.282954383063361625e+00,-7.416545770896371126e-02,1.305573459744144849e-01,8.506328968495034948e-01,6.003995595346465208e-01,-1.728785851438358723e+00,-3.222140226215374215e-01,-4.195082168299044123e-01,-6.702729701933233253e-01,-7.603868882117961192e-01,6.210322384944337859e-01,-7.206358679657587363e-01,-2.899917142726782804e-01,6.490153325521060834e-01,-1.549285163860560643e-01,4.024089771535723226e-01,1.689139486200606388e+00,-2.388150728298387704e-01
2.275147671193401278e-01,-2.100247406815781037e+00,8.211109266031599851e-01,-1.659737667514641135e+00,-1.574213679172308034e+00,-9.999527721731653607e-01,-2.569512716933388119e-01,-1.039758980570931524e+00,7.614566765101388190e-03,-1.656128023354630496e+00,-8.251300829168111139e-01,-4.507303004683628767e-01,9.927168497234831746e-01,-1.269510546710163723e+00,-4.194433576897931837e-01,-7.534974342291873572e-01,-4.049734376292345450e-01,-1.187054360424052213e+00,-3.130378985112989842e-01,1.644369629814154410e-01,1.425337908527855690e+00,1.240790527026282009e+00,-1.019103561150004611e-01,2.667073545015727909e-01,7.368964519646272748e-01,5.647792501413396726e-01,-1.177160084555055830e+00,-6.950160934326489182e-01,-3.624467070143593816e-01,-8.415442287617476147e-01,-1.023704161551340253e+00,1.068872337237092074e+00,-9.739071588039636129e-01,-3.330469368965116028e-01,3.551260302538721270e-01,-5.500427377832832754e-01,8.318608198021782973e-01,1.483311466989438498e+00,-6.340254731593387705e-01
7.855830509564339786e-03,-2.531854134489866404e+00,2.393928634156584079e-01,-1.380088819019825275e+00,-1.839800512350643791e+00,-9.339471946647628364e-01,-3.441610185793115839e-01,-8.343708056700941400e-01,-1.414337378566897230e-01,-2.197248038120357183e+00,-1.249446421038335364e+00,-7.222112402192800706e-01,8.417391539876660500e-02,-1.128688281807574523e+00,-7.259978069419334989e-01,-1.130775465309496575e+00,-4.269182893281124880e-01,-1.154692935353081484e+00,-8.242180668224695639e-01,-3.140061545701196971e-02,7.235869507645726895e-01,6.222653801670975371e-01,-3.079856945966382709e-01,2.767378085574383473e-01,6.009078861782126690e-01,6.926570074329631010e-01,-5.399652106943725327e-01,-9.631974717285165521e-01,-2.947923760653897163e-01,-1.144387016334679874e+00,-1.258796545279394330e+00,1.080463400701363152e+00,-1.356870782204953496e+00,-9.284546063591252452e-01,8.298802983092708196e-02,-9.221098169633265007e-01,8.648201209543758816e-01,6.359357366182335491e-01,-8.481778059511408951e-01
5.737786073438694290e-02,-2.022055750297817145e+00,-1.055070485620063642e-01,-7.680891001689235109e-01,-1.577096469288609581e+00,-7.508542836721301406e-01,3.725882749857705595e-02,-7.920513440321407250e-01,-1.876793219574977856e-01,-2.060820654667686824e+00,-1.150225693648840419e+00,-6.561148894455991476e-01,-3.450304953737549085e-01,-8.367445414956675709e-01,-8.897977719058759449e-01,-1.166984863409079809e+00,-3.487437834300985973e-01,-1.060831589478054449e+00,-1.250345239728335001e+00,-5.561811261415339214e-01,9.970894708341472568e-02,-1.774979748876509833e-01,-4.226457804765487158e-01,1.722882337234055983e-01,4.182907403960606785e-01,1.042584470288019149e+00,-2.176218025118017430e-01,-9.450793621789866927e-01,-2.718946753944418426e-01,-1.304421635918409761e+00,-1.171480305249871456e+00,6.602431666826916734e-01,-1.473862012718378800e+00,-1.495167592477323781e+00,9.665382404706129860e-02,-9.630528755113438866e-01,5.287741898909196214e-01,-3.705882411891594508e-01,-6.657552350427117238e-01
3.654471889285012542e-01,-6.532246266533312529e-01,1.926983431545763736e-01,-2.079888957845928699e-01,-7.829414269983987484e-01,-4.921524346425037999e-01,7.222454701080053274e-01,-8.747635984015186272e-01,-3.502475220182128812e-02,-1.446436722146288600e+00,-6.284790162859955620e-01,-4.863582095347264711e-01,2.014135784856349587e-02,-3.389173447546126039e-01,-1.117685262907430976e+00,-8.690104877009873219e-01,-4.115154522326315845e-01,-8.014006456614868323e-01,-1.253555440761984441e+00,-8.656176373640054322e-01,6.626314818675518858e-02,-5.844546114463783359e-01,-3.135396888212135247e-01,2.268034568598689335e-02,1.255907288390700760e-01,1.442048387294483591e+00,-3.410533446629946397e-01,-7.419437660404146762e-01,-3.677075187554460500e-01,-1.141970027599695792e+00,-6.374312969233746351e-01,2.712152363369603730e-03,-1.042296260603958302e+00,-1.398936855237378651e+00,4.046122748792510548e-01,-5.961613548738515789e-01,5.417742437105243364e-02,-9.551232588240455845e-01,-1.439069277591535079e-01
7.317985837544809247e-01,8.867651703775459859e-01,1.034121366785432317e+00,-8.499110356811623301e-02,1.298373323451087469e-01,-3.462053965300242453e-01,1.218662167701481724e+00,-9.083660181410253553e-01,2.072219794759031231e-01,-9.134585332707635397e-01,-1.470493232374708165e-02,-4.641026499707833208e-01,7.401373486933621182e-01,2.709768002750005955e-01,-1.511824382550765122e+00,-5.362945686536001455e-01,-7.383216223202726525e-01,-3.662895480225328848e-01,-7.509722770595793628e-01,-5.489797740267094994e-01,6.670437133184351497e-01,-2.848161572292855492e-01,-1.019870194310168870e-01,-9.092657974173172508e-02,-2.583363733775927429e-01,1.593907083490206933e+00,-6.506405839659274992e-01,-6.062415675526667824e-01,-5.756548645905171790e-01,-7.889791890352600978e-01,9.871846736141995371e-02,-5.909058698004810983e-01,-1.764207296127661140e-01,-5.503107161069995534e-01,7.482519884305497415e-01,-1.781774283062222478e-02,-2.989318053925880125e-01,-8.231836982738279795e-01,4.656096168306385064e-01
9.059755793086112785e-01,1.760112406552862607e+00,1.925602384429105252e+00,-4.576023306493325338e-01,6.546361986450874859e-01,-4.825462312123574571e-01,1.127398733371755224e+00,-7.304585290506334649e-01,3.121633819452311887e-01,-9.015828372007026470e-01,3.970484848132186384e-01,-5.616378439224539720e-01,1.001990193031175425e+00,7.595751684927427583e-01,-1.851880431970212459e+00,-4.689553125511216058e-01,-1.155717055786874337e+00,1.029314018422916310e-01,-3.969918054372093864e-03,2.978892785189124481e-01,1.478198390053617084e+00,5.134601846720662222e-01,-2.112519642335902725e-02,-1.070392442480128936e-01,-5.539822554133828625e-01,1.297713023619479822e+00,-7.043826286392902425e-01,-6.786722147115642478e-01,-7.795672356040677098e-01,-5.893580833046240253e-01,5.552574617922767519e-01,-8.549694899425398509e-01,6.606440824668001754e-01,4.824298727810065190e-01,8.088162880491607254e-01,4.766093909677787677e-01,-3.968117319300101253e-01,-1.466404970068978242e-01,9.320636554413070929e-01
7.470607164822238300e-01,1.555998117460059449e+00,2.365466035512815424e+00,-9.862736442971353767e-01,6.071145901645412790e-01,-8.484860798078744937e-01,4.971902207670896301e-01,-3.245143581304568703e-01,1.466466682972659419e-01,-1.361211560648964536e+00,5.303723807817322111e-01,-4.536835291330754694e-01,3.364790020288563888e-01,8.962224058423582385e-01,-1.686541028936508813e+00,-6.848168845674704741e-01,-1.282225523778474541e+00,3.688325700657236750e-01,5.425462863562185989e-01,1.114372673313517970e+00,1.959013624199302805e+00,1.203021999487269067e+00,-1.664903970793194798e-01,1.050369678714165164e-03,-5.122155600390329022e-01,6.119348056491492605e-01,-2.579828422024164070e-01,-8.370492412599596088e-01,-8.322850036030170484e-01,-7.702020438871104435e-01,3.839810053927597555e-01,-6.923888551793517809e-01,9.933319287965562960e-01,9.307136229660056825e-01,4.586080549939814954e-01,7.167198518321689082e-01,-2.707351997168073177e-01,5.653923246527849944e-01,1.188385107571757526e+00
2.938576404904661987e-01,5.529470691553260986e-01,2.169908920107296968e+00,-1.197444183876307910e+00,2.648446607825789556e-01,-1.137050294029417374e+00,-1.952801730365307520e-01,1.550608740024589649e-01,-1.993095152703236450e-01,-1.804652141652569819e+00,4.818294116263967530e-01,1.616408433669364597e-01,-9.678614186455850588e-01,6.124427603506092943e-01,-7.215846792535619558e-01,-9.115838135846127122e-01,-8.493081618185757131e-01,2.455694421299150498e-01,5.523481830145655636e-01,1.296706000415328353e+00,1.845707429719187553e+00,1.203057055734138903e+00,-3.830740210487853514e-01,2.122895883236569081e-01,-3.375182093603867201e-02,-1.699668805383046932e-01,5.078886229895116511e-01,-7.936340363803428000e-01,-6.777707823366947437e-01,-1.201894624953336654e+00,-3.409990929892948719e-01,-2.183333010752258607e-01,6.725367049384010087e-01,4.445539657911523057e-01,-1.454839417764086651e-01,7.420468195284922741e-01,-4.377890086478321979e-02,7.948002626835766193e-01,1.286376151138604262e+00
-2.816093043810945495e-01,-5.196366741889708596e-01,1.512552969077145093e+00,-8.681442302782542697e-01,1.072789966065823136e-01,-9.950927497268317046e-01,-4.260860871969521790e-01,4.812437333091169611e-01,-4.940151678048765316e-01,-1.722691142873218340e+00,3.304630138243884185e-01,1.176814533036723232e+00,-2.113443850828766735e+00,5.133541324776803166e-02,8.087545264632662878e-01,-8.557146801372612632e-01,1.269713736263681364e-02,-2.580773897635416092e-01,9.955985840643763463e-03,6.577860295168320715e-01,1.279693868520466404e+00,3.786460640410030942e-01,-3.967700696923757708e-01,4.479402840711923517e-01,6.802999074413941250e-01,-7.126870538161524937e-01,1.121785684731814836e+00,-3.543668956320167873e-01,-4.077521792953480162e-01,-1.488015199646980591e+00,-1.169137659665807849e+00,3.221234828496297165e-01,-5.328147604887856215e-02,-6.498071844885559001e-01,-6.898253628137199778e-01,7.018278272604315804e-01,1.731702957613697191e-01,3.191659869970608354e-01,1.245769422261845838e+00
-7.822311752332824497e-01,-1.018923693643685624e+00,7.156138542612996423e-01,-2.014869096200262444e-01,3.909123698870594077e-01,-3.178385619717428723e-01,-4.204395508616578375e-02,5.039133931966228719e-01,-5.813629425936149842e-01,-1.003790611113317466e+00,1.287083594163262491e-02,2.006529518158546743e+00,-2.465130864381223308e+00,-5.246774566353444857e-01,2.148714197947336313e+00,-4.883131529717910646e-01,7.997457334362942927e-01,-9.069627460694987819e-01,-7.906764379260281528e-01,-4.363585939540469694e-01,6.107763816503538612e-01,-8.545251409316463320e-01,-6.869599597715990436e-02,5.860482845048081701e-01,1.218918414331264355e+00,-8.595104491663360102e-01,1.213626317760818640e+00,3.886096289428188078e-01,-1.974928950239787373e-01,-1.314019796132622764e+00,-1.610190519383215557e+00,7.157348964230018096e-01,-7.621277018234450251e-01,-1.636422922324854756e+00,-9.377888322304526181e-01,6.895533767962285232e-01,3.384125844140438710e-01,-6.840965726101240207e-01,9.778655096566670757e-01
-1.078589285186167812e+00,-8.097731657219159329e-01,1.432468245935803949e-02,3.617040855901070828e-01,9.378755174652718685e-01,6.238727930840638480e-01,6.353579444101937757e-01,2.459911797351957141e-01,-5.234910929638404431e-01,-7.987919187562394011e-03,-6.027728064881930914e-01,1.969399666232841684e+00,-2.036746737448675848e+00,-8.882449106350139845e-01,2.484054430916081468e+00,-7.522607808523286421e-02,9.955705811955996021e-01,-1.357605657516491204e+00,-1.456204561457551394e+00,-1.344598278849978845e+00,8.640514353013148408e-02,-1.814630442358274420e+00,4.602714102877934477e-01,5.145533832520271522e-01,1.257132962551513078e+00,-7.231003445654048400e-01,8.274800308124850012e-01,1.100169149882287867e+00,-1.698407046855585911e-01,-7.341289729466554670e-01,-1.469995692783296670e+00,9.103786908663396016e-01,-1.162000538303572528e+00,-1.957282303360199371e+00,-8.815759726379559513e-01,6.721190473781460950e-01,4.695031094455007215e-01,-1.766149008406908028e+00,3.758362875268283498e-01
-1.144408730149450770e+00,-2.734848992202595364e-01,-5.219978623131917850e-01,5.326755583309612518e-01,1.317612736062329981e+00,1.353461261832111129e+00,1.097748800651595857e+00,-1.166362958285654949e-01,-5.252854754451506958e-01,7.424493963827271115e-01,-1.516317809560876473e+00,8.451906071424624134e-01,-1.377787818421419397e+00,-9.506659856476432635e-01,1.543728183965165091e+00,7.738536207337649853e-02,4.915229619216704426e-01,-1.360215094670550684e+00,-1.742427717825130840e+00,-1.607007921858326194e+00,-2.979241498255353893e-01,-2.014618154257796334e+00,8.670316825549541084e-01,2.025575062919866831e-01,8.177205355778981444e-01,-5.868892502442741854e-01,3.786247496584351779e-01,1.447505730419749614e+00,-2.995240574848164750e-01,-1.268069006406827570e-01,-9.170615624390894283e-01,1.013888373835294843e+00,-1.224472875251753301e+00,-1.557103079109700694e+00,-7.059586034271870814e-01,5.645456960690325987e-01,5.978684812117398550e-01,-2.465298440022876569e+00,-5.174609242133486608e-01
-1.039036040275082673e+00,5.626187223860952547e-02,-9.113391810310010888e-01,4.238391272806901200e-01,1.245749761829319624e+00,1.536718253222342678e+00,1.073531090112145314e+00,-3.704264009871254260e-01,-7.066357663505390407e-01,9.704329376786950956e-01,-2.475322303748708208e+00,-8.645734429817691913e-01,-1.006972624548247763e+00,-7.604837550473905194e-01,-1.398804017614116713e-01,-7.922968015463729974e-02,-2.940725739439025155e-01,-9.138289178592444717e-01,-1.672514502660911617e+00,-1.224588296179321967e+00,-6.883226197739009677e-01,-1.464025924434032344e+00,9.049891678919358418e-01,-2.589695404159664816e-01,2.599732470656401784e-01,-6.903230335147670926e-01,2.894224623349472836e-01,1.346005533230733686e+00,-4.360156401231098378e-01,1.452470436949870047e-01,-2.691226967912755397e-01,1.161273066025134248e+00,-1.081718738705653937e+00,-7.921206008087167127e-01,-6.132010842051257571e-01,3.577258374670795882e-01,7.286308990777409234e-01,-2.543412565244487666e+00,-1.444076573934414354e+00
-8.623274150727927578e-01,-8.269287709780276385e-02,-1.158100976575537677e+00,4.358109118455693043e-01,8.354171002030905679e-01,1.230619937921012541e+00,7.260023296949043026e-01,-3.893434951912053688e-01,-9.426572229592924401e-01,8.063985408968744606e-01,-3.075504410891769069e+00,-2.232721080830812443e+00,-9.432744776968182698e-01,-4.299001787930706309e-01,-1.556567546098195365e+00,-2.795100298058589838e-01,-7.232308667830606996e-01,-2.683382664232528136e-01,-1.465107189907052909e+00,-5.765623651206436273e-01,-1.144876373448044049e+00,-6.074542703519348885e-01,6.068528711559306732e-01,-6.852821072129291480e-01,-1.703776795336679403e-02,-1.048068625518330688e+00,6.244899251865351220e-01,1.009659998469045750e+00,-4.238091504580404623e-01,5.961114168281449188e-02,2.704176718261249168e-01,1.359127917681275166e+00,-8.349955792992832526e-01,-6.628635323878760699e-02,-6.586918329744821943e-01,1.634382817662568821e-01,8.254823970643373476e-01,-2.084258230911495868e+00,-2.057831372582302976e+00
-7.037699828054408968e-01,-5.173044939010262855e-01,-1.241219422108356341e+00,8.790985115932844485e-01,4.801042889861928953e-01,8.276088941449906144e-01,4.705636767184505631e-01,-1.858499805197378341e-01,-9.404674321379610236e-01,6.009416484079010967e-01,-3.019854601448898723e+00,-2.559062211866458547e+00,-7.651660981104767556e-01,-6.204257735167087451e-02,-1.913812955743308120e+00,-1.881508760532887570e-01,-4.397199264318176759e-01,2.322850017530935507e-01,-1.346349553916926123e+00,-8.666451180449191716e-02,-1.529639252144218586e+00,2.659016092350766428e-02,2.652008886642472363e-01,-8.874908259127991528e-01,8.717997089840379132e-02,-1.427807306511213126e+00,1.046906403524066942e+00,7.737619239965883855e-01,-2.203063436812786879e-01,-5.623847070074818738e-02,6.901382593897879003e-01,1.444652936206295424e+00,-4.735419527175941945e-01,4.457088553277746557e-01,-7.219435166020975458e-01,1.290053447525659203e-01,8.215622161062083872e-01,-1.418023158196654254e+00,-2.150021009388868531e+00
-6.011973626370191726e-01,-8.215743476541280677e-01,-1.174529759063954293e+00,1.662478206968287964e+00,4.852412037070271134e-01,7.359768215728779150e-01,5.862532119093587513e-01,1.332210180603602134e-01,-5.039866829906433088e-01,5.894837845582054925e-01,-2.324302794602407296e+00,-1.865414279681606891e+00,-1.129951490974592104e-01,2.747579046594215146e-01,-1.179176536064145964e+00,2.749027443146033201e-01,3.428086221752164042e-01,3.648064584252215248e-01,-1.383481245470607801e+00,7.363810161378957220e-02,-1.615508503628610759e+00,1.860396721616610072e-01,2.075642798407880685e-01,-7.725919667073491981e-01,2.891389191472045206e-01,-1.504771978256295162e+00,1.128790926522982740e+00,8.360258779587301792e-01,8.106217127649707754e-02,1.581187471613143269e-01,1.038121879759898558e+00,1.208138306302207976e+00,3.773947298798723676e-02,7.806430578564265144e-01,-6.221772423558997733e-01,3.014032980381012305e-01,6.524867086040793129e-01,-9.183380121082116432e-01,-1.781342629080152840e+00
-5.252341193059114621e-01,-6.635713122642304951e-01,-1.038333133929003393e+00,2.324540605200368315e+00,7.884811566403602257e-01,1.050802204160163678e+00,9.645461858730799420e-01,4.541264426583822011e-01,2.463396829818445544e-01,7.141631050994117214e-01,-1.298377372058877821e+00,-8.330275482639750706e-01,8.704992655568067894e-01,5.335289176683296608e-01,-5.561056975254449752e-02,8.295715016510866180e-01,1.005581788707781143e+00,1.610055153076576095e-01,-1.442230235205154809e+00,2.870273564805980726e-02,-1.306297370150093284e+00,3.646781637785172312e-03,5.412580753230946673e-01,-3.950446626430659247e-01,1.713846972808610314e-01,-1.092696300915270813e+00,7.313240676238571547e-01,1.113396478283955160e+00,3.325453166209927924e-01,7.399711609084852482e-01,1.263916618920767343e+00,5.867596776557476579e-01,6.236800189122022609e-01,9.807571845176590308e-01,-2.788456765939197890e-01,5.671209242822077279e-01,3.032661563457608178e-01,-7.778946033285717432e-01,-1.207575897374422613e+00
-4.023699369058644226e-01,-4.239442105334165212e-02,-9.235569607674714021e-01,2.387695389191999418e+00,1.019435905283227584e+00,1.475285206487593648e+00,1.206320324072299055e+00,7.116607119237672308e-01,9.097863859671074804e-01,7.366628849822888236e-01,-3.209506299922596506e-01,-2.380391523517395580e-01,1.600129450639508288e+00,6.728465277043828019e-01,5.805728750660208437e-01,1.055837021806179221e+00,1.009478731955640862e+00,-1.219735871308350178e-01,-1.279466057455360017e+00,5.510020699449373442e-03,-7.554794061042531261e-01,-1.912380854453690771e-01,1.057183659917140472e+00,6.794300080745933890e-02,-4.423014516328640511e-01,-2.951191523159718555e-01,1.113036492187480520e-01,1.309960045922702543e+00,4.448254484457133118e-01,1.333576590153259023e+00,1.223579671294118931e+00,-2.360753889148275997e-01,1.082082114135891615e+00,9.690700283499065204e-01,2.068841739276792158e-01,7.232694701103256074e-01,-1.544296759446982803e-01,-8.877107771822060345e-01,-6.700416689077226540e-01
-1.702301102604385774e-01,7.372542605552526718e-01,-8.412720980632825141e-01,1.736987803711743439e+00,8.383126006963823595e-01,1.549752985845699094e+00,9.716707352354854166e-01,8.793057666103235581e-01,1.091136588542833019e+00,5.047389518526983476e-01,4.004515764733651007e-01,-3.516669941917192621e-01,1.566069307420381085e+00,6.628386452748883384e-01,3.322931182186983357e-01,7.518868769162758703e-01,3.066374092255382822e-01,-1.713568190392187884e-01,-7.042277763721151995e-01,1.055785748160545795e-01,-2.676282786942320024e-01,-1.712552484344520842e-01,1.357163040946291588e+00,4.020082704972885446e-01,-1.309519787693125936e+00,5.332649006099379196e-01,-3.330587750055816199e-01,1.132091401418432897e+00,4.404273786108490740e-01,1.476268948583787877e+00,8.464973979349524891e-01,-9.252871331087771933e-01,1.221492053369753972e+00,6.477800326489198124e-01,6.073036686795134642e-01,6.201400839481258087e-01,-5.698281924439601021e-01,-9.034394228044142494e-01,-2.369573989808830827e-01
1.675149517108931452e-01,1.293957995079531464e+00,-7.032094435105326058e-01,7.098147628715217872e-01,2.455309828388973492e-01,1.005276200073237369e+00,2.759304063535338858e-01,9.275916971374640330e-01,7.076260890408352378e-01,1.129870852840159784e-01,8.992304697543003211e-01,-7.884533112327920534e-01,8.278304514521281909e-01,5.070060763423490657e-01,-4.746328719291204590e-01,1.180889470916173523e-01,-6.435671496948132120e-01,1.812224136928160811e-01,2.860661011749743299e-01,2.371972615213067959e-01,-6.652127232917171007e-02,2.813539437068789464e-02,1.112549056038539375e+00,4.589560472167134586e-01,-1.943267202897565271e+00,1.001045158738337770e+00,-4.307232719946337274e-01,4.939602306976132451e-01,4.147199445765059056e-01,9.942321284094002287e-01,2.801715098994786435e-01,-1.221771097373021586e+00,1.025231914260635202e+00,9.671461793108146465e-02,7.175590261328750330e-01,2.608606974754148489e-01,-7.822590965203635172e-01,-4.796384953350954494e-01,1.753206039549956574e-01
5.264777481163187556e-01,1.413272395245503965e+00,-4.125740853621618354e-01,-1.657049509041671198e-01,-4.106427133069757152e-01,-2.749142590651102239e-02,-5.158375635537815196e-01,8.127658854184919290e-01,6.060252089486356519e-02,-1.805468526789425765e-01,1.319464540545251419e+00,-8.991661641999313392e-01,1.561729258495165099e-02,2.575278930104163422e-01,-1.112290007422325422e+00,-3.936780693439293488e-01,-1.243285110156139517e+00,8.512655162196143266e-01,1.464868356971910757e+00,2.365167338242931960e-01,-1.330179953815740224e-01,1.916536253789738464e-01,2.833899844441609139e-01,2.305383748161562441e-01,-1.988814486409343774e+00,9.310983822554947942e-01,-3.718605036200282599e-01,-4.171606816787751804e-01,4.479094565067681666e-01,1.663757313727477483e-01,-1.598931121021242019e-01,-1.122417198439715547e+00,6.772497380654763921e-01,-3.748174396588869750e-01,4.938777375076590648e-01,-2.101152402612974646e-01,-7.197386390621074437e-01,4.639511593906884279e-01,6.427546339505695316e-01
7.818650349595397397e-01,1.145058218497762237e+00,1.366772916596736137e-02,-5.527224394969740828e-01,-7.261330357859268059e-01,-1.099151331514180319e+00,-9.783096167645642938e-01,5.207353017084286328e-01,-3.908477202706611142e-01,-1.865701613100897993e-01,1.725168269949732158e+00,-3.514578482580371643e-01,-1.807367981675966351e-01,7.900633854088016245e-03,-1.043517774026089917e+00,-4.361814471232642876e-01,-1.192461584486972592e+00,1.544806669929877030e+00,2.454565491664172150e+00,4.091162425420673265e-02,-2.501110245009980360e-01,1.451512217834644014e-01,-8.355140651211013791e-01,-1.421816564681223638e-01,-1.486169114311310047e+00,4.728517413405541325e-01,-4.831389321052217967e-01,-1.242046534046720829e+00,5.432575411418586464e-01,-4.815096252779622610e-01,-2.161945909925296339e-01,-8.614219440631629698e-01,4.141445868887110304e-01,-4.270414370345410604e-01,8.657973083684332438e-02,-6.041817768945906275e-01,-4.546649329876299994e-01,1.628566579437787043e+00,1.100390534603861825e+00
8.381635051355675881e-01,7.230487542831262049e-01,4.155541485569658744e-01,-4.956299533616196351e-01,-5.688272715956445014e-01,-1.734514744131452346e+00,-9.461411932765909638e-01,1.240590378419052509e-01,-3.694988731576390739e-01,5.640864392420189694e-02,2.021225869423014743e+00,5.942894718297743184e-01,4.118863206886354544e-01,-1.378351393358063781e-01,-3.068265503144393946e-01,-2.799172438219136791e-02,-6.495155245666263122e-01,1.923139796698573489e+00,2.894290830992964025e+00,-2.463758921092736587e-01,-2.070443051995827233e-01,-9.153834079820108438e-02,-1.764322395645790076e+00,-4.353615236798678012e-01,-8.088314560681879595e-01,-9.465953777261365554e-03,-8.631895359173988869e-01,-1.643518497545087387e+00,6.350297087922273098e-01,-5.744564182733478130e-01,1.075101324820058879e-01,-7.046139390636315669e-01,3.355241998259576586e-01,1.913183043440194048e-02,-2.536933710238771789e-01,-7.901471790357776914e-01,-1.608630641021370489e-01,2.480796642412702369e+00,1.365226850090997202e+00
6.813424809093240331e-01,3.937736768870164217e-01,5.987337594062999147e-01,-2.928997240925530487e-01,-1.603535752867871200e-01,-1.717165472963966044e+00,-6.031669140134385820e-01,-2.193459133415095186e-01,3.985492202878689744e-02,3.335702003060948551e-01,2.041762649261833928e+00,1.323676872609541366e+00,1.313699113617468717e+00,-1.087798567656110549e-01,5.808605157062198820e-01,4.899221025528023854e-01,-2.920318495421897476e-02,1.792350891531871104e+00,2.622911948016896311e+00,-4.439059469426308580e-01,2.182299695813876353e-02,-3.411142012903263798e-01,-2.094449498443598845e+00,-4.619235639120541914e-01,-3.505978354373371353e-01,-1.961936473060926778e-01,-1.236350466276955329e+00,-1.479898691310965519e+00,6.493521064291578604e-01,-1.485597377375467432e-01,5.528130872536985985e-01,-7.285472158669822340e-01,3.474599800814329176e-01,6.752344995369231606e-01,-3.336439534099913673e-01,-7.384659814064724603e-01,8.917350787660755299e-03,2.585289717973593859e+00,1.292086526825659387e+00
3.824225891545806610e-01,2.753276585869868232e-01,4.937241102067718712e-01,-2.034731088256676590e-01,1.407474867299980947e-01,-1.178325555954927939e+00,-2.897801641708231402e-01,-3.523762216842670214e-01,4.997018553200633373e-01,4.524830255877718144e-01,1.711924929711202692e+00,1.389253120598497926e+00,1.806449099078752729e+00,9.326913202795066027e-02,1.073421953048978583e+00,7.479113461943689423e-01,3.491328163927179262e-01,1.211644003881999776e+00,1.780813589220014759e+00,-4.374722090328978519e-01,2.760139364879097279e-01,-4.369574051874771659e-01,-1.706666058079070680e+00,-1.843687562657540524e-01,-2.358409272699025783e-01,-2.858743969036483049e-02,-1.182598547803610733e+00,-8.689923210130101605e-01,5.639526045302831747e-01,4.228560497692978593e-01,8.185714470335340165e-01,-7.724919552441388282e-01,2.879508786046765523e-01,1.087542754717794269e+00,-1.337839235574057595e-01,-5.057630723257502403e-01,3.203076411808109675e-02,1.903987884743977954e+00,9.144269147728560920e-01
